2 6 5 6 1169 2 1 4 3 3 4 1 67 2 3 2 2 1 2 1 1 
4 48 2 6 5951 3 3 2 4 3 2 1 22 2 3 1 2 1 1 1 2 
1 12 5 2 2096 3 2 2 3 3 3 1 49 2 3 1 3 2 1 1 1 
2 42 2 5 7882 3 2 2 3 2 4 2 45 2 2 1 2 2 1 1 1 
2 24 1 7 4870 3 3 3 3 3 4 4 53 2 2 2 2 2 1 1 2 
1 36 2 2 9055 2 3 2 3 3 4 4 35 2 2 1 3 2 2 1 1 
1 24 2 5 2835 5 1 3 3 3 4 2 53 2 3 1 2 1 1 1 1 
4 36 2 8 6948 3 3 2 3 3 2 3 35 2 1 1 1 1 2 1 1 
1 12 2 6 3059 1 2 2 2 3 4 1 61 2 3 1 3 1 1 1 1 
4 30 5 7 5234 3 5 4 1 3 2 3 28 2 3 2 1 1 1 1 2 
4 12 2 7 1295 3 4 3 4 3 1 3 25 2 1 1 2 1 1 1 2 
2 48 2 10 4308 3 4 3 4 3 4 2 24 2 1 1 2 1 1 1 2 
4 12 2 6 1567 3 3 1 4 3 1 3 22 2 3 1 2 1 2 1 1 
2 24 5 7 1199 3 1 4 3 3 4 3 60 2 3 2 3 1 1 1 2 
2 15 2 7 1403 3 3 2 4 3 4 3 28 2 1 1 2 1 1 1 1 
2 24 2 6 1282 4 3 4 4 3 2 3 32 2 3 1 3 1 1 1 2 
1 24 5 6 2424 2 1 4 3 3 4 2 53 2 3 2 2 1 1 1 1 
2 30 4 10 8072 2 4 2 3 3 3 3 25 3 3 3 2 1 1 1 1 
4 24 2 8 12579 3 1 4 4 3 2 4 44 2 2 1 1 1 2 1 2 
1 24 2 6 3430 5 1 3 3 3 2 3 31 2 3 1 2 2 2 1 1 
1 9 5 7 2134 3 3 4 3 3 4 3 48 2 3 3 2 1 2 1 1 
2 6 2 6 2647 5 3 2 3 3 3 1 44 2 1 1 2 2 1 1 1 
2 10 5 7 2241 3 4 1 3 3 3 1 48 2 1 2 3 2 1 2 1 
4 12 5 8 1804 4 4 3 3 3 4 2 44 2 3 1 2 1 1 1 1 
1 10 5 5 2069 2 3 2 1 3 1 3 26 2 3 2 2 1 1 2 1 
2 6 2 5 1374 3 3 1 3 3 2 1 36 3 3 1 3 1 2 1 1 
1 6 4 6 426 3 1 4 1 3 4 3 39 2 3 1 3 1 1 1 1 
3 12 3 6 409 1 3 3 4 3 3 1 42 2 1 2 2 1 1 1 1 
4 7 2 6 2415 3 3 3 3 2 2 1 34 2 3 1 2 1 1 1 1 
2 60 1 10 6836 3 1 3 3 3 4 4 63 2 3 2 2 1 2 1 2 
4 18 2 10 1913 1 4 3 1 3 3 1 36 3 3 1 2 1 2 1 1 
2 24 2 5 4020 3 3 2 3 3 2 3 27 1 3 1 2 1 1 1 1 
4 18 2 7 5866 4 3 2 3 3 2 3 30 2 3 2 2 1 2 1 1 
1 12 5 10 1264 2 1 4 3 3 4 4 57 2 1 1 3 1 1 1 1 
3 12 2 5 1474 3 4 4 4 3 1 2 33 3 3 1 1 1 2 1 1 
4 45 5 6 4746 3 4 4 3 3 2 2 25 2 3 2 3 1 1 1 2 
1 48 5 2 6110 3 3 1 3 3 3 4 31 3 2 1 2 1 2 1 1 
3 18 2 6 2100 3 3 4 3 1 2 1 37 1 3 1 2 1 1 1 2 
3 10 2 3 1225 3 3 2 3 3 2 3 37 2 3 1 2 1 2 1 1 
4 9 2 6 458 3 3 4 3 3 3 1 24 2 3 1 2 1 1 1 1 
1 30 2 6 2333 5 1 4 3 3 2 3 30 3 3 1 1 1 1 1 1 
4 12 2 6 1158 5 3 3 2 3 1 3 26 2 3 1 2 1 2 1 1 
4 18 1 4 6204 3 3 2 3 3 4 1 44 2 3 1 3 2 2 1 1 
2 30 5 8 6187 4 2 1 1 3 4 3 24 2 1 2 2 1 1 1 1 
2 48 5 8 6143 3 1 4 4 3 4 4 58 1 2 2 3 1 1 1 2 
1 11 5 7 1393 3 4 4 4 3 4 3 35 2 3 2 1 1 1 1 1 
1 36 2 6 2299 5 1 4 3 3 4 3 39 2 3 1 2 1 1 1 1 
2 6 2 8 1352 5 5 1 4 3 2 2 23 2 1 1 4 1 2 1 1 
1 11 5 7 7228 3 3 1 3 3 4 2 39 2 3 2 3 1 1 1 1 
1 12 2 6 2073 4 3 4 4 1 2 1 28 2 3 1 2 1 1 1 1 
4 24 1 5 2333 2 4 4 3 3 2 2 29 3 3 1 3 1 1 1 1 
4 27 1 8 5965 3 1 1 3 3 2 3 30 2 3 2 1 1 2 1 1 
1 12 2 6 1262 3 3 3 3 3 2 3 25 2 3 1 2 1 1 1 1 
1 18 2 8 3378 2 3 2 3 3 1 2 31 2 3 1 2 1 2 1 1 
4 36 1 7 2225 3 1 4 3 3 4 4 57 3 2 2 2 1 2 1 2 
1 6 3 7 783 2 3 1 3 2 2 1 26 1 3 1 3 2 1 1 1 
4 12 2 6 6468 2 5 2 3 3 1 4 52 2 3 1 1 1 2 1 2 
1 36 5 6 9566 3 3 2 4 3 2 3 31 1 3 2 2 1 1 1 1 
3 18 2 7 1961 3 1 3 4 3 2 3 23 2 3 1 1 1 1 1 1 
2 36 5 5 6229 3 4 4 4 1 4 4 23 2 1 2 3 1 2 1 2 
4 9 2 10 1391 3 3 2 1 3 1 1 27 3 3 1 2 1 2 1 1 
4 15 5 6 1537 2 1 4 3 2 4 1 50 2 3 2 2 1 2 1 1 
4 36 4 10 1953 3 1 4 3 3 4 4 61 2 2 1 1 1 2 1 2 
4 48 4 10 14421 3 3 2 3 3 2 3 25 2 3 1 2 1 2 1 2 
1 24 2 6 3181 3 4 4 4 3 4 2 26 2 3 1 2 1 2 1 1 
1 27 2 4 5190 2 1 4 3 3 4 2 48 2 3 4 2 2 2 1 1 
1 12 2 6 2171 3 4 2 4 3 2 3 29 3 3 1 2 1 1 1 1 
4 12 2 7 1007 1 3 4 1 3 1 1 22 2 3 1 2 1 1 1 1 
1 36 2 2 1819 3 3 4 3 3 4 4 37 1 2 1 2 1 2 1 2 
1 36 2 6 2394 2 3 4 4 3 4 3 25 2 3 1 2 1 1 1 1 
1 36 2 8 8133 3 3 1 4 3 2 2 30 3 3 1 2 1 1 1 1 
1 7 5 6 730 2 1 4 3 3 2 2 46 2 1 2 3 1 2 1 1 
2 8 5 1 1164 3 1 3 3 3 4 4 51 3 2 2 1 2 2 1 1 
4 42 5 10 5954 3 2 2 4 3 1 1 41 3 3 2 3 1 1 1 1 
2 36 2 2 1977 2 1 4 3 3 4 4 40 2 3 1 1 1 2 1 2 
2 12 5 8 1526 3 1 4 3 3 4 4 66 2 2 2 1 1 1 1 1 
2 42 2 6 3965 3 4 4 3 3 3 3 34 2 3 1 2 1 1 1 2 
4 11 1 6 4771 3 2 2 3 3 4 2 51 2 3 1 2 1 1 1 1 
1 54 4 8 9436 2 3 2 3 3 2 2 39 2 3 1 3 2 1 1 1 
4 30 2 5 3832 3 4 2 1 3 1 2 22 2 3 1 2 1 1 1 1 
1 24 2 6 5943 2 4 1 4 3 1 3 44 2 3 2 2 1 2 1 2 
1 15 2 6 1213 5 1 4 3 3 3 2 47 1 3 1 2 1 2 1 1 
1 18 2 10 1568 4 3 3 4 3 4 2 24 2 1 1 3 1 1 1 1 
2 24 2 1 1755 3 1 4 4 2 4 1 58 2 3 1 3 1 2 1 1 
2 10 2 6 2315 3 1 3 3 3 4 1 52 2 3 1 3 1 1 1 1 
1 12 5 10 1412 3 3 4 4 2 2 1 29 2 3 2 1 1 2 1 1 
4 18 5 5 1295 3 4 4 4 3 1 2 27 2 3 2 2 1 1 1 1 
4 36 2 2 12612 4 3 1 3 3 4 4 47 2 2 1 2 2 2 1 2 
2 18 2 7 2249 4 2 4 3 3 3 3 30 2 3 1 1 2 2 1 1 
2 12 4 4 1108 3 2 4 3 3 3 1 28 2 3 2 2 1 1 1 2 
1 12 5 6 618 3 1 4 3 3 4 1 56 2 3 1 2 1 1 1 1 
2 12 5 8 1409 3 1 4 3 3 3 1 54 2 3 1 2 1 1 1 1 
1 12 5 6 797 2 1 4 4 3 3 2 33 3 3 1 3 2 1 1 2 
3 24 5 5 3617 2 1 4 3 1 4 4 20 2 1 2 2 1 1 1 1 
4 12 2 7 1318 1 1 4 3 3 4 1 54 2 3 1 2 1 2 1 1 
4 54 4 10 15945 3 4 3 3 3 4 4 58 2 1 1 2 1 2 1 2 
1 12 5 2 2012 2 2 4 4 3 2 3 61 2 3 1 2 1 1 1 1 
4 18 2 10 2622 4 3 4 3 3 4 3 34 2 3 1 2 1 1 1 1 
4 36 5 6 2337 3 1 4 3 3 4 1 36 2 3 1 2 1 1 1 1 
4 20 1 8 7057 2 2 3 3 3 4 2 36 3 1 2 1 2 2 1 1 
1 24 2 7 1469 4 1 4 1 3 4 1 41 2 1 1 3 1 1 1 1 
4 36 2 6 2323 3 2 4 3 3 4 3 24 2 1 1 2 1 1 1 1 
1 6 1 6 932 3 3 3 4 3 2 1 24 2 3 1 2 1 1 1 1 
4 9 5 5 1919 3 2 4 3 3 3 3 35 2 1 1 2 1 2 1 1 
1 12 2 8 2445 2 4 2 1 3 4 3 26 2 1 1 2 1 2 1 1 
4 24 5 1 11938 3 3 2 3 1 3 3 39 2 3 2 1 2 2 1 2 
1 18 3 7 6458 3 1 2 3 3 4 4 39 3 3 2 1 2 2 1 2 
4 12 2 7 6078 3 2 2 3 3 2 3 32 2 3 1 2 1 1 1 1 
2 24 2 5 7721 2 4 1 4 3 2 2 30 2 3 1 2 1 2 2 1 
4 14 2 10 1410 5 1 1 1 3 2 1 35 2 3 1 2 1 2 1 1 
4 6 1 10 1449 4 1 1 2 3 2 3 31 3 3 2 2 2 1 1 1 
3 15 2 2 392 3 4 4 4 3 4 2 23 2 1 1 2 1 2 1 1 
4 18 2 7 6260 3 2 3 3 3 3 1 28 2 1 1 3 1 1 1 1 
1 36 5 7 7855 3 3 4 4 3 2 1 25 1 3 2 2 1 2 1 2 
2 12 2 6 1680 5 1 3 1 3 1 1 35 2 3 1 2 1 1 1 1 
1 48 5 6 3578 2 1 4 3 3 1 1 47 2 3 1 2 1 2 1 1 
2 42 2 6 7174 2 2 4 4 3 3 3 30 2 3 1 1 1 2 1 2 
2 10 5 5 2132 2 4 2 4 1 3 1 27 2 1 2 2 1 1 2 1 
2 33 5 5 4281 5 3 1 4 3 4 3 23 2 3 2 2 1 1 1 2 
4 12 5 7 2366 5 2 3 2 3 3 3 36 2 3 1 1 1 2 1 1 
2 21 2 6 1835 3 3 3 4 3 2 1 25 2 3 2 2 1 2 1 2 
1 24 5 8 3868 3 1 4 4 3 2 3 41 2 1 2 1 1 2 1 1 
1 12 2 5 1768 3 3 3 3 3 2 1 24 2 1 1 3 1 1 1 1 
3 10 5 7 781 3 1 4 3 3 4 4 63 2 2 2 2 1 2 1 1 
4 18 2 5 1924 2 4 4 4 3 3 1 27 2 1 1 2 1 1 1 2 
2 12 5 7 2121 3 3 4 3 3 2 2 30 2 3 2 2 1 1 1 1 
2 12 2 6 701 3 3 4 1 3 2 1 40 2 3 1 3 1 1 1 1 
4 12 2 4 639 3 3 4 3 3 2 3 30 2 3 1 2 1 1 1 2 
4 12 5 8 1860 3 5 4 3 3 2 3 34 2 3 2 1 1 2 1 1 
2 12 5 7 3499 3 3 3 4 1 2 1 29 2 3 2 2 1 1 1 2 
4 48 2 7 8487 2 2 1 4 3 2 3 24 2 3 1 2 1 1 1 1 
2 36 1 2 6887 3 3 4 3 3 3 2 29 1 3 1 2 1 2 1 2 
1 15 2 5 2708 3 4 2 3 3 3 2 27 3 3 2 3 1 1 1 1 
1 18 2 5 1984 3 3 4 3 3 4 4 47 3 2 2 2 1 1 1 1 
1 60 2 6 10144 4 2 2 4 3 4 1 21 2 3 1 2 1 2 1 1 
1 12 5 6 1240 2 1 4 4 3 2 1 38 2 3 2 2 1 2 1 1 
1 27 1 8 8613 1 3 2 3 3 2 3 27 2 3 2 2 1 1 1 1 
4 12 2 6 766 5 3 4 3 3 3 1 66 2 3 1 3 1 1 1 2 
4 15 5 6 2728 2 2 4 3 2 2 1 35 3 3 3 2 1 2 1 1 
3 12 2 6 1881 3 3 2 4 3 2 3 44 2 1 1 3 1 2 1 1 
3 6 2 7 709 1 4 2 1 3 2 1 27 2 3 1 4 1 1 2 1 
4 36 2 6 4795 3 4 4 4 3 1 4 30 2 3 1 1 1 2 1 1 
2 27 2 6 3416 3 3 3 3 3 2 3 27 2 3 1 1 1 1 1 1 
2 18 2 5 2462 3 3 2 3 3 2 3 22 2 3 1 2 1 1 1 2 
1 21 5 5 2288 3 4 4 4 3 4 2 23 2 3 1 2 1 2 1 1 
4 48 3 10 3566 4 2 4 3 3 2 3 30 2 3 1 2 1 1 1 1 
2 6 5 7 860 3 1 1 4 3 4 4 39 2 3 2 2 1 2 1 1 
1 12 5 7 682 4 2 4 4 3 3 3 51 2 3 2 2 1 2 1 1 
2 36 5 5 5371 3 3 3 3 2 2 2 28 2 3 2 2 1 1 1 1 
1 18 5 6 1582 1 1 4 3 3 4 3 46 2 3 2 2 1 1 1 1 
1 6 2 6 1346 4 1 2 3 3 4 4 42 3 2 1 2 2 2 1 1 
1 10 2 6 1924 3 3 1 3 3 4 2 38 2 3 1 2 1 2 2 1 
3 36 2 6 5848 3 3 4 3 3 1 3 24 2 3 1 2 1 1 1 1 
4 24 5 8 7758 1 1 2 4 3 4 4 29 2 1 1 2 1 1 1 1 
4 24 1 10 6967 4 2 4 3 3 4 3 36 2 1 1 1 1 2 1 1 
2 12 2 5 1282 3 3 2 4 3 4 3 20 2 1 1 2 1 1 1 2 
2 9 5 4 1288 4 1 3 3 2 4 1 48 2 3 2 2 2 1 2 1 
2 12 3 9 339 3 1 4 1 3 1 3 45 3 3 1 3 1 1 1 1 
4 24 2 7 3512 4 2 2 3 3 3 3 38 3 3 2 2 1 2 1 1 
1 6 5 6 1898 2 3 1 3 3 2 1 34 2 3 2 3 2 1 1 1 
1 24 5 6 2872 4 1 3 3 3 4 1 36 2 3 1 2 2 2 1 1 
1 18 5 7 1055 3 4 4 4 3 1 2 30 2 3 2 2 1 1 1 1 
1 15 2 3 1262 5 2 4 3 3 3 2 36 2 3 2 2 1 2 1 1 
4 10 2 7 7308 3 5 2 3 3 4 4 70 3 2 1 1 1 2 1 1 
1 36 2 7 909 5 1 4 3 3 4 2 36 2 3 1 2 1 1 1 1 
1 6 2 5 2978 5 3 1 3 3 2 3 32 2 3 1 2 1 2 1 1 
2 18 2 5 1131 3 5 4 4 3 2 3 33 2 3 1 2 1 1 1 2 
4 11 2 5 1577 1 4 4 4 3 1 1 20 2 3 1 2 1 1 1 1 
1 24 2 5 3972 3 2 2 4 3 4 2 25 2 1 1 2 1 2 1 1 
4 24 5 10 1935 3 1 4 2 3 4 1 31 2 3 2 2 1 2 1 2 
2 15 4 7 950 3 1 4 3 3 3 3 33 2 1 2 2 2 1 1 2 
1 12 2 5 763 3 3 4 4 3 1 1 26 2 3 1 2 1 2 1 1 
4 24 1 5 2064 3 5 3 4 3 2 2 34 2 3 1 1 1 2 1 2 
4 8 2 6 1414 3 3 4 3 2 2 1 33 2 3 1 2 1 1 2 1 
2 21 1 2 3414 3 4 2 3 3 1 2 26 2 3 2 2 1 1 1 2 
1 30 3 8 7485 2 5 4 4 3 1 1 53 3 3 1 1 1 2 1 2 
2 12 2 5 2577 3 3 2 2 3 1 3 42 2 3 1 2 1 1 1 1 
2 6 5 6 338 5 1 4 3 3 4 3 52 2 3 2 2 1 1 1 1 
1 12 2 6 1963 3 2 4 3 3 2 3 31 2 1 2 1 2 2 1 1 
2 21 5 7 571 3 1 4 3 3 4 1 65 2 3 2 2 1 1 1 1 
1 36 1 10 9572 3 4 1 2 3 1 3 28 2 3 2 2 1 1 1 2 
4 36 1 10 4455 3 3 2 2 3 2 1 30 1 3 2 1 1 2 1 2 
2 21 3 7 1647 2 3 4 3 3 2 2 40 2 3 2 3 2 1 1 2 
1 24 5 5 3777 1 3 4 3 3 4 1 50 2 3 1 2 1 2 1 1 
4 18 5 7 884 3 1 4 3 3 4 3 36 3 3 1 2 2 2 1 2 
1 15 5 6 1360 3 3 4 3 3 2 2 31 2 3 2 2 1 1 1 1 
4 9 3 8 5129 3 1 2 4 3 4 4 74 3 2 1 1 2 2 1 2 
4 16 5 7 1175 3 5 2 3 3 3 3 68 2 2 3 4 1 2 1 1 
2 12 2 6 674 4 2 4 1 3 1 2 20 2 3 1 2 1 1 1 2 
4 18 4 5 3244 3 3 1 4 3 4 3 33 3 3 2 2 1 2 1 1 
1 24 2 10 4591 1 3 2 3 3 3 2 54 2 3 3 1 1 2 1 2 
4 48 4 10 3844 4 2 4 3 3 4 4 34 2 2 1 3 2 1 1 2 
4 27 2 10 3915 3 3 4 3 3 2 3 36 2 3 1 2 2 2 1 2 
1 6 2 6 2108 3 2 2 1 3 2 1 29 2 1 1 2 1 1 1 1 
4 45 2 6 3031 4 3 4 3 2 4 2 21 2 1 1 2 1 1 1 2 
4 9 5 2 1501 3 1 2 4 3 3 3 34 2 3 2 1 1 2 1 2 
1 6 5 6 1382 3 3 1 4 3 1 3 28 2 3 2 2 1 2 1 1 
4 12 2 5 951 4 4 4 4 3 4 3 27 3 1 4 2 1 1 1 2 
4 24 2 8 2760 2 1 4 3 3 4 4 36 3 2 1 2 1 2 1 1 
4 18 1 5 4297 3 1 4 2 3 3 4 40 2 3 1 1 1 2 1 2 
1 9 5 2 936 5 1 4 3 3 2 3 52 2 3 2 2 1 2 1 1 
2 12 2 7 1168 3 3 4 1 3 3 1 27 2 3 1 3 1 1 1 1 
1 27 1 10 5117 3 2 3 3 3 4 3 26 2 3 2 2 1 1 1 1 
2 12 2 9 902 3 2 4 1 3 4 2 21 2 1 1 2 1 1 1 2 
1 12 5 7 1495 3 1 4 3 3 1 1 38 2 3 2 3 2 1 1 1 
2 30 5 8 10623 3 1 3 3 3 4 4 38 2 2 3 1 2 2 1 1 
1 12 5 5 1935 3 1 4 3 3 4 1 43 2 3 3 2 1 2 1 1 
4 12 5 3 1424 3 2 4 3 3 3 2 26 2 3 1 2 1 1 1 1 
2 24 2 10 6568 3 3 2 1 3 2 3 21 1 3 1 3 1 1 1 1 
1 12 2 8 1413 1 2 3 3 3 2 2 55 2 3 1 2 1 1 2 1 
1 9 5 6 3074 2 3 1 3 3 2 1 33 2 3 2 2 2 1 1 1 
1 36 2 6 3835 2 1 2 4 3 4 1 45 2 3 1 3 1 2 1 1 
2 27 4 10 5293 3 5 2 3 3 4 2 50 1 3 2 2 1 2 1 2 
3 30 1 10 1908 3 1 4 3 3 4 1 66 2 3 1 1 1 2 1 2 
1 36 5 6 3342 2 1 4 3 3 2 3 51 2 3 1 2 1 2 1 1 
4 6 5 9 932 2 2 1 4 3 3 2 39 2 3 2 3 1 1 1 1 
2 18 4 10 3104 3 2 3 3 3 1 2 31 3 3 1 2 1 2 1 1 
3 36 2 6 3913 3 3 2 3 3 2 1 23 2 3 1 2 1 2 1 1 
2 24 2 5 3021 3 3 2 2 3 2 1 24 2 1 1 3 1 1 1 1 
1 10 2 7 1364 3 3 2 4 3 4 3 64 2 3 1 2 1 2 1 1 
4 12 2 6 625 3 4 4 1 2 1 1 26 3 3 1 3 1 1 1 1 
2 12 2 2 1200 2 3 4 4 3 4 2 23 3 1 1 2 1 2 1 1 
1 12 2 6 707 3 3 4 3 3 2 1 30 3 3 2 2 1 1 1 1 
1 24 1 10 2978 2 3 4 3 3 4 1 32 2 3 2 2 2 2 1 1 
1 15 2 8 4657 3 3 3 3 3 2 3 30 2 3 1 2 1 2 1 1 
1 36 4 4 2613 3 3 4 3 3 2 3 27 2 3 2 2 1 1 1 1 
4 48 2 6 10961 1 2 1 3 1 2 4 27 3 3 2 2 1 2 1 2 
2 12 2 5 7865 3 1 4 3 3 4 4 53 2 2 1 1 1 2 1 2 
1 9 2 6 1478 3 2 4 3 3 2 3 22 2 3 1 2 1 1 1 2 
2 24 2 5 3149 3 4 4 3 3 1 4 22 3 2 1 2 1 1 1 1 
3 36 2 6 4210 3 3 4 3 3 2 3 26 2 3 1 2 1 1 1 2 
1 9 2 7 2507 5 1 2 3 3 4 4 51 2 2 1 3 1 1 1 1 
1 12 2 6 2141 4 2 3 3 3 1 4 35 2 3 1 2 1 1 1 1 
4 18 2 6 866 3 3 4 1 2 2 1 25 2 3 1 3 1 1 1 1 
1 4 5 6 1544 3 2 2 3 3 1 1 42 2 3 3 3 2 1 1 1 
2 24 2 6 1823 3 5 4 3 3 2 3 30 1 3 1 1 2 1 1 2 
4 6 2 7 14555 2 5 1 3 3 2 2 23 2 3 1 4 1 2 1 2 
4 21 2 10 2767 4 1 4 2 3 2 3 61 3 1 2 3 1 1 1 2 
1 12 5 6 1291 3 3 4 4 3 2 2 35 2 3 2 2 1 1 1 1 
2 30 2 6 2522 3 1 1 3 2 3 2 39 2 3 1 2 2 1 1 1 
2 24 2 7 915 2 1 4 4 3 2 3 29 3 3 1 2 1 1 1 2 
1 6 2 6 1595 3 2 3 3 3 2 2 51 2 3 1 2 2 1 1 1 
2 48 4 8 4605 3 1 3 3 3 4 4 24 2 2 2 2 2 1 1 2 
1 12 5 10 1185 3 3 3 4 3 2 1 27 2 3 2 2 1 1 1 1 
1 12 3 9 3447 5 3 4 4 3 3 1 35 2 3 1 3 2 1 1 1 
1 24 2 10 1258 3 2 4 3 3 1 1 25 2 3 1 2 1 2 1 1 
1 12 5 6 717 3 1 4 3 3 4 1 52 2 3 3 2 1 1 1 1 
1 6 4 7 1204 4 3 4 3 3 1 4 35 3 1 1 2 1 1 2 1 
3 24 2 5 1925 3 3 2 3 3 2 1 26 2 3 1 2 1 1 1 1 
1 18 2 6 433 3 5 3 4 1 4 1 22 2 1 1 2 1 1 1 2 
2 6 5 7 666 1 2 3 4 3 4 1 39 2 3 2 3 1 2 1 1 
3 12 2 5 2251 3 3 1 4 3 2 3 46 2 3 1 3 1 1 1 1 
4 30 2 7 2150 3 3 4 4 2 2 4 24 3 3 1 2 1 1 1 2 
1 24 1 5 4151 4 3 2 3 3 3 2 35 2 3 2 2 1 1 1 1 
4 9 2 5 2030 2 2 2 3 3 1 3 24 2 3 1 2 1 2 1 1 
4 60 1 6 7418 2 3 1 3 3 1 1 27 2 3 1 3 1 1 1 1 
1 24 5 6 2684 3 3 4 3 3 2 1 35 2 3 2 3 1 1 1 1 
2 12 3 6 2149 3 3 4 2 3 1 4 29 2 2 1 2 1 1 1 2 
1 15 2 8 3812 4 4 1 4 3 4 3 23 2 3 1 2 1 2 1 1 
1 11 5 6 1154 4 5 4 4 3 4 1 57 2 3 3 3 1 1 1 1 
2 12 2 5 1657 3 3 2 3 3 2 1 27 2 3 1 2 1 1 1 1 
2 24 2 6 1603 3 1 4 4 3 4 3 55 2 3 1 2 1 1 1 1 
2 18 5 7 5302 3 1 2 3 3 4 4 36 2 2 3 1 1 2 1 1 
1 12 5 2 2748 3 1 2 4 3 4 4 57 3 2 3 3 1 1 1 1 
1 10 5 7 1231 3 1 3 3 3 4 1 32 2 3 2 3 2 1 2 1 
4 15 2 6 802 3 1 4 3 3 3 3 37 2 3 1 2 2 1 1 2 
1 36 5 10 6304 2 1 4 3 3 4 1 36 2 3 2 2 1 1 1 1 
1 24 2 6 1533 3 4 4 4 3 3 3 38 1 3 1 2 1 2 1 1 
2 14 2 7 8978 3 1 1 2 3 4 2 45 2 3 1 1 1 2 2 2 
1 24 2 6 999 2 1 4 3 3 2 3 25 2 3 2 2 1 1 1 1 
1 18 2 7 2662 2 2 4 3 3 3 2 32 2 3 1 2 1 1 2 1 
1 12 5 5 1402 5 2 3 4 3 4 3 37 2 1 1 2 1 2 1 1 
4 48 3 7 12169 2 5 4 3 1 4 4 36 2 2 1 1 1 2 1 1 
4 48 2 6 3060 3 2 4 3 3 4 1 28 2 3 2 2 1 1 1 2 
2 30 2 4 11998 3 4 1 2 3 1 4 34 2 3 1 3 1 2 1 2 
1 9 2 6 2697 3 3 1 3 3 2 1 32 2 3 1 2 2 1 1 1 
1 18 5 6 2404 3 3 2 4 3 2 3 26 2 3 2 2 1 1 1 1 
2 12 2 5 1262 2 1 2 2 3 4 2 49 2 3 1 3 1 2 1 1 
1 6 2 5 4611 3 4 1 4 3 4 2 32 2 3 1 2 1 1 1 2 
1 24 2 6 1901 4 3 4 3 3 4 3 29 2 1 1 1 1 2 1 1 
1 15 5 8 3368 1 1 3 3 3 4 4 23 2 1 2 2 1 2 1 1 
1 12 2 5 1574 3 3 4 3 3 2 1 50 2 3 1 2 1 1 1 1 
3 18 3 6 1445 2 2 4 3 3 4 3 49 3 3 1 3 1 1 1 1 
1 15 5 5 1520 2 1 4 3 3 4 2 63 2 3 1 2 1 1 1 1 
4 24 5 7 3878 4 4 4 2 3 2 3 37 2 3 1 2 1 2 1 1 
2 47 2 7 10722 3 4 1 4 3 1 1 35 2 3 1 3 1 2 1 1 
2 48 2 8 4788 3 2 4 3 3 3 2 26 2 3 1 2 2 1 1 1 
4 48 1 1 7582 4 5 2 3 3 4 4 31 2 2 1 1 1 2 1 1 
4 12 2 6 1092 3 3 4 4 2 4 1 49 2 3 2 2 1 2 1 1 
2 24 1 6 1024 3 4 4 1 3 4 1 48 1 3 1 2 1 1 1 2 
1 12 2 10 1076 3 3 2 1 3 2 1 26 2 3 1 2 1 2 2 1 
4 36 2 8 9398 3 4 1 1 3 4 3 28 2 1 1 1 1 2 1 2 
2 24 5 8 6419 3 1 2 4 3 4 4 44 2 2 2 1 2 2 1 1 
3 42 5 8 4796 3 1 4 3 3 4 4 56 2 2 1 2 1 1 1 1 
1 48 5 10 7629 2 1 4 2 3 2 3 46 3 3 2 1 2 1 1 1 
4 48 2 5 9960 3 4 1 4 3 2 3 26 2 3 1 2 1 2 1 2 
1 12 2 8 4675 2 4 1 4 3 4 3 20 2 1 1 2 1 1 1 1 
1 10 2 7 1287 2 1 4 3 1 2 2 45 2 3 1 3 1 1 2 1 
1 18 2 5 2515 3 3 3 3 3 4 1 43 2 3 1 2 1 2 1 1 
4 21 5 5 2745 1 2 3 3 3 2 3 32 2 3 2 2 1 2 1 1 
1 6 2 7 672 3 5 1 4 3 4 1 54 2 3 1 4 1 2 1 1 
4 36 4 6 3804 3 3 4 4 3 1 3 42 2 3 1 2 1 2 1 2 
3 24 5 7 1344 2 2 4 3 3 2 1 37 3 3 2 3 2 1 1 2 
2 10 5 7 1038 3 2 4 3 1 3 2 49 2 3 2 2 1 2 1 1 
1 48 5 7 10127 5 3 2 3 3 2 4 44 3 2 1 2 1 1 1 2 
1 6 2 5 1543 1 3 4 2 3 2 1 33 2 3 1 2 1 1 1 1 
1 30 2 8 4811 2 2 2 4 3 4 2 24 1 1 1 3 1 1 1 1 
2 12 2 6 727 4 4 4 1 3 3 4 33 2 3 1 3 1 2 1 2 
4 8 2 5 1237 3 3 3 4 3 4 1 24 2 3 1 2 1 1 1 2 
4 9 2 7 276 3 3 4 1 3 4 1 22 2 1 1 3 1 1 1 1 
4 48 2 1 5381 2 5 3 3 3 4 4 40 3 2 1 4 1 2 1 1 
1 24 2 5 5511 4 3 4 3 3 1 3 25 1 3 1 2 1 1 1 1 
3 24 2 5 3749 3 4 2 4 3 4 3 26 2 3 1 2 1 1 1 1 
4 12 2 7 685 3 2 2 1 3 3 3 25 3 3 1 3 1 1 1 2 
3 4 2 7 1494 2 4 1 3 3 2 1 29 2 3 1 3 2 1 2 1 
2 36 3 5 2746 3 1 4 3 3 4 3 31 3 3 1 2 1 1 1 2 
2 12 2 5 708 3 3 2 3 2 3 2 38 2 3 1 3 2 1 1 1 
4 24 2 5 4351 2 3 1 4 3 4 2 48 2 3 1 3 1 2 1 1 
1 12 5 2 701 3 3 4 3 3 2 3 32 2 3 2 2 1 1 1 1 
2 15 1 5 3643 3 1 1 4 3 4 2 27 2 3 2 3 1 1 1 1 
4 30 5 7 4249 3 5 4 1 3 2 3 28 2 3 2 1 1 1 1 2 
2 24 2 6 1938 3 4 4 2 3 3 2 32 2 3 1 2 1 1 1 2 
2 24 2 8 2910 3 2 2 3 3 1 4 34 2 2 1 1 1 2 1 1 
2 18 2 5 2659 1 3 4 3 3 2 3 28 2 3 1 2 1 1 1 1 
1 18 5 7 1028 3 3 4 4 3 3 1 36 2 3 2 2 1 1 1 1 
2 8 5 7 3398 3 2 1 3 3 4 1 39 2 3 2 3 1 1 2 1 
1 12 5 5 5801 2 1 2 3 3 4 2 49 2 1 1 2 1 2 1 1 
1 24 2 7 1525 1 2 4 4 3 3 3 34 2 3 1 2 2 2 1 1 
3 36 2 6 4473 3 1 4 3 3 2 3 31 2 3 1 2 1 1 1 1 
4 6 2 6 1068 3 1 4 3 3 4 3 28 2 3 1 2 2 1 1 1 
2 24 5 8 6615 3 5 2 3 3 4 4 75 2 2 2 1 1 2 1 1 
1 18 5 2 1864 4 3 4 4 3 2 1 30 2 3 2 2 1 1 1 2 
4 60 2 7 7408 4 4 4 4 3 2 2 24 2 3 1 1 1 1 1 2 
1 48 5 8 11590 4 3 2 4 3 4 3 24 3 1 2 3 1 1 1 2 
2 24 4 5 4110 3 1 3 3 3 4 4 23 3 1 2 2 2 1 1 2 
2 6 5 5 3384 3 3 1 2 3 4 1 44 2 1 1 1 1 2 1 2 
4 13 2 6 2101 3 4 2 4 2 4 2 23 2 3 1 3 1 1 1 1 
2 15 2 3 1275 2 3 4 4 3 2 3 24 2 1 1 2 1 1 1 2 
2 24 2 5 4169 3 3 4 3 3 4 2 28 2 3 1 2 1 1 1 1 
4 10 2 5 1521 3 3 4 2 3 2 3 31 2 3 1 3 1 1 1 1 
4 24 5 2 5743 3 4 2 4 3 4 4 24 2 2 2 2 1 2 1 1 
2 21 2 5 3599 3 2 1 4 3 4 3 26 2 1 1 3 1 1 1 1 
4 18 2 6 3213 5 4 1 1 3 3 1 25 2 1 1 2 1 1 1 1 
4 18 2 10 4439 3 1 1 3 1 1 1 33 3 3 1 1 1 2 1 1 
3 10 2 7 3949 3 4 1 3 2 1 2 37 2 3 1 3 2 1 1 1 
1 15 5 6 1459 3 3 4 4 3 2 3 43 2 3 1 3 1 1 1 1 
4 13 5 6 882 3 4 4 3 2 4 1 23 2 3 2 2 1 1 1 1 
4 24 2 6 3758 5 5 1 4 3 4 4 23 2 1 1 4 1 1 1 1 
1 6 1 10 1743 4 3 1 3 3 2 1 34 2 3 2 3 1 1 1 1 
4 9 5 2 1136 1 1 4 3 3 3 4 32 2 2 2 2 2 1 1 2 
1 9 2 3 1236 3 4 1 4 3 4 1 23 2 1 1 2 1 2 1 1 
4 9 2 5 959 3 3 1 4 3 2 3 29 2 3 1 2 1 1 2 2 
1 18 5 8 3229 2 5 2 3 3 4 4 38 2 3 1 1 1 2 1 1 
2 12 4 6 6199 3 3 4 3 3 2 2 28 2 1 2 2 1 2 1 2 
1 10 2 2 727 5 1 4 3 3 4 4 46 2 2 1 2 1 2 1 1 
4 24 2 7 1246 3 4 4 3 3 2 1 23 1 3 1 3 1 1 1 2 
1 12 5 6 2331 2 1 1 3 1 4 1 49 2 3 1 2 1 2 1 1 
1 36 1 6 4463 3 3 4 3 3 2 3 26 2 3 2 1 1 2 1 2 
1 12 2 6 776 3 3 4 1 3 2 1 28 2 3 1 2 1 1 1 1 
2 30 2 5 2406 3 2 4 4 3 4 1 23 2 1 1 2 1 1 1 2 
4 18 2 2 1239 2 3 4 3 3 4 4 61 2 2 1 2 1 1 1 1 
3 12 2 6 3399 2 1 2 3 3 3 3 37 2 3 1 1 1 1 1 1 
3 12 1 7 2247 3 3 2 4 3 2 3 36 1 3 2 2 1 2 1 1 
1 6 2 5 1766 3 3 1 1 3 2 2 21 2 1 1 2 1 1 1 1 
2 18 2 5 2473 3 5 4 3 3 1 3 25 2 3 1 4 1 1 1 2 
1 12 2 10 1542 3 2 2 3 3 4 3 36 2 3 1 2 1 2 1 1 
1 18 5 8 3850 3 2 3 3 3 1 3 27 2 3 2 2 1 1 1 1 
2 18 2 5 3650 3 4 1 4 3 4 3 22 2 1 1 2 1 1 1 1 
2 36 2 5 3446 3 1 4 3 3 2 3 42 2 3 1 2 2 1 1 2 
4 18 2 5 3001 3 2 2 4 3 4 1 40 2 1 1 2 1 1 1 1 
1 36 2 7 3079 2 3 4 3 3 4 1 36 2 3 1 2 1 1 1 1 
1 18 5 6 6070 3 1 3 3 3 4 3 33 2 3 2 2 1 2 1 1 
1 10 5 5 2146 3 4 1 4 3 3 1 23 2 1 2 2 1 1 1 1 
1 60 5 7 13756 2 1 2 3 3 4 4 63 3 2 1 1 1 2 1 1 
4 60 3 1 14782 4 1 3 4 3 4 4 60 3 2 2 1 1 2 1 2 
2 48 3 10 7685 3 2 2 4 2 4 3 37 2 1 1 2 1 1 1 2 
1 18 1 6 2320 3 5 2 1 3 3 1 34 2 3 2 2 1 1 1 1 
1 7 1 6 846 2 1 3 3 3 4 4 36 2 2 1 2 1 1 1 1 
4 36 2 7 14318 3 1 4 3 3 2 4 57 2 2 1 1 1 2 1 2 
1 6 5 7 362 4 3 4 4 3 4 3 52 2 3 2 3 1 1 1 1 
2 20 2 5 2212 2 2 4 3 3 4 3 39 2 3 1 2 1 2 1 1 
4 18 2 8 12976 3 5 3 4 3 4 4 38 2 2 1 1 1 2 1 2 
1 22 2 7 1283 2 2 4 4 3 4 2 25 2 1 1 2 1 1 1 1 
3 12 2 7 1330 3 4 4 3 3 1 1 26 2 3 1 2 1 1 1 1 
1 30 1 10 4272 4 3 2 3 3 2 2 26 2 3 2 3 1 1 1 1 
1 18 5 6 2238 3 3 2 4 3 1 3 25 2 3 2 2 1 1 1 1 
1 18 2 6 1126 2 4 4 4 3 2 1 21 2 1 1 2 1 2 1 1 
4 18 5 5 7374 3 5 4 3 3 4 2 40 1 3 2 1 1 2 1 1 
4 15 5 10 2326 5 3 2 3 3 4 3 27 3 3 1 2 1 1 1 1 
1 9 2 10 1449 3 2 3 4 3 2 3 27 2 3 2 2 1 1 1 1 
1 18 2 7 1820 3 3 2 1 3 2 2 30 2 3 1 1 1 2 1 1 
4 12 2 5 983 1 4 1 4 3 4 1 19 2 1 1 3 1 1 1 1 
2 36 2 7 3249 3 2 2 3 3 4 4 39 3 2 1 1 2 2 1 1 
2 6 5 6 1957 3 2 1 4 3 4 3 31 2 3 1 2 1 1 1 1 
1 9 5 5 2406 3 5 2 3 3 3 3 31 2 3 1 1 1 1 1 1 
4 39 1 2 11760 4 2 2 3 3 3 4 32 2 1 1 2 1 2 1 1 
2 12 2 5 2578 3 5 3 4 3 4 4 55 2 2 1 1 1 1 1 1 
2 36 5 5 2348 3 3 3 1 3 2 2 46 2 3 2 2 1 2 1 1 
4 12 2 7 1223 3 1 1 2 3 1 1 46 2 1 2 2 1 1 1 2 
1 24 5 6 1516 1 3 4 4 3 1 1 43 2 3 2 3 1 1 1 1 
1 18 2 6 1473 3 4 3 1 3 4 1 39 2 3 1 2 1 2 1 1 
4 18 5 10 1887 2 3 4 1 3 4 1 28 3 3 2 2 1 1 1 1 
1 24 1 10 8648 3 4 2 3 3 2 3 27 3 3 2 2 1 2 1 2 
1 14 1 7 802 3 3 4 3 3 2 3 27 2 3 2 3 1 1 1 1 
4 18 1 7 2899 2 1 4 3 3 4 3 43 2 3 1 2 2 1 1 1 
4 24 2 6 2039 3 4 1 1 3 1 2 22 2 3 1 2 1 2 1 2 
1 24 5 8 2197 2 2 4 3 3 4 3 43 2 3 2 2 2 2 1 1 
2 15 2 6 1053 3 4 4 1 3 2 1 27 2 3 1 2 1 1 2 1 
1 24 2 6 3235 5 1 3 2 3 2 3 26 2 3 1 1 1 2 1 1 
3 12 5 7 939 5 2 4 1 3 2 1 28 2 3 3 2 1 2 1 2 
4 24 2 6 1967 3 1 4 4 3 4 3 20 2 3 1 2 1 2 1 1 
1 33 5 8 7253 3 2 3 3 3 2 3 35 2 3 2 1 1 2 1 1 
1 12 5 10 2292 3 5 4 3 3 2 3 42 1 3 2 1 1 2 1 2 
1 10 2 7 1597 5 3 3 3 3 2 4 40 2 1 1 3 2 1 2 1 
2 24 2 7 1381 2 3 4 4 3 2 2 35 2 3 1 2 1 1 1 2 
1 36 5 8 5842 3 1 2 3 3 2 2 35 2 3 2 2 2 2 1 1 
2 12 2 7 2579 3 4 4 3 3 1 1 33 2 3 1 3 2 1 1 2 
2 18 1 2 8471 2 3 1 4 3 2 3 23 2 1 2 2 1 2 1 1 
1 21 2 7 2782 5 2 1 4 3 2 3 31 3 3 1 1 1 1 1 1 
4 18 2 7 1042 2 3 4 4 3 2 2 33 2 3 1 2 1 1 1 2 
1 15 2 7 3186 1 2 2 4 3 3 3 20 2 1 1 2 1 1 1 1 
4 12 2 8 2028 2 3 4 3 3 2 3 30 2 3 1 2 1 1 1 1 
4 12 5 7 958 3 2 2 3 3 3 1 47 2 3 2 3 2 1 1 1 
1 21 1 5 1591 4 2 4 3 3 3 1 34 2 3 2 1 1 1 1 1 
4 12 2 5 2762 2 1 1 4 3 2 2 25 3 3 1 2 1 2 1 2 
4 18 2 8 2779 3 3 1 1 3 3 3 21 2 1 1 2 1 2 1 1 
1 28 5 6 2743 3 1 4 3 3 2 3 29 2 3 2 2 1 1 1 1 
1 18 5 6 1149 1 3 4 3 3 3 1 46 2 3 2 2 1 1 1 1 
1 9 2 5 1313 3 1 1 3 3 4 3 20 2 3 1 2 1 1 1 1 
2 18 5 4 1190 3 5 2 4 3 4 4 55 2 2 3 4 2 1 1 2 
1 5 2 10 3448 3 2 1 3 3 4 1 74 2 3 1 3 1 1 1 1 
4 24 2 1 11328 3 3 2 3 1 3 3 29 3 3 2 1 1 2 1 2 
2 6 5 5 1872 3 5 4 3 3 4 4 36 2 2 3 1 1 2 1 1 
1 24 5 4 2058 3 3 4 2 3 2 1 33 2 3 2 2 1 2 1 1 
2 9 2 5 2136 3 3 3 3 3 2 1 25 2 3 1 2 1 1 1 1 
4 12 2 6 1484 2 3 2 1 3 1 1 25 2 3 1 2 1 2 1 2 
1 6 2 4 660 5 2 2 1 3 4 1 23 2 1 1 3 1 1 1 1 
1 24 5 7 1287 1 1 4 4 3 4 1 37 2 3 2 2 1 2 1 1 
2 42 5 4 3394 3 5 4 3 1 4 3 65 2 3 2 4 1 1 1 1 
3 12 3 10 609 3 4 4 4 3 1 1 26 2 3 1 4 1 1 1 2 
1 12 2 7 1884 3 1 4 3 3 4 3 39 2 3 1 1 1 2 1 1 
2 12 2 5 1620 3 3 2 4 1 3 2 30 2 3 1 2 1 1 1 1 
4 20 1 1 2629 3 3 2 3 3 3 3 29 3 3 2 2 1 2 1 1 
1 12 2 2 719 3 1 4 3 3 4 3 41 3 3 1 3 2 1 1 2 
4 48 5 5 5096 3 3 2 4 3 3 3 30 2 3 1 1 1 2 1 2 
1 9 5 2 1244 2 1 4 4 3 4 2 41 2 1 2 3 1 1 1 1 
2 36 2 7 1842 3 4 4 4 3 4 3 34 2 3 1 2 1 2 1 2 
4 7 2 6 2576 3 3 2 3 2 2 1 35 2 3 1 2 1 1 1 1 
3 12 2 5 1424 2 1 3 4 3 4 1 55 2 3 1 1 1 2 1 1 
4 15 1 4 1512 1 3 3 1 3 3 2 61 1 3 2 2 1 1 1 2 
1 36 5 8 11054 2 3 4 3 3 2 3 30 2 3 1 1 1 2 1 1 
1 6 2 6 518 3 3 3 4 3 1 1 29 2 3 1 2 1 1 1 1 
1 12 4 5 2759 3 1 2 3 3 4 2 34 2 3 2 2 1 1 1 1 
1 24 2 8 2670 3 1 4 3 3 4 3 35 2 3 1 1 1 2 1 1 
2 24 2 7 4817 3 2 2 3 1 3 2 31 2 3 1 2 1 2 1 2 
1 24 2 8 2679 3 4 4 4 3 1 4 29 2 3 1 1 1 2 1 1 
2 11 5 7 3905 3 3 2 3 3 2 1 36 2 1 2 2 2 1 1 1 
2 12 2 8 3386 3 1 3 3 3 4 4 35 2 2 1 2 1 2 1 2 
2 6 2 3 343 3 4 4 4 3 1 1 27 2 3 1 2 1 1 1 1 
1 18 2 6 4594 3 4 3 3 3 2 3 32 2 3 1 2 1 2 1 1 
2 36 2 5 3620 3 3 1 3 2 2 2 37 2 3 1 2 2 1 1 1 
2 15 2 7 1721 3 4 2 3 3 3 1 36 2 3 1 2 1 1 1 1 
4 12 2 5 3017 3 4 3 4 3 1 1 34 2 1 1 1 1 1 1 1 
4 12 2 9 754 2 1 4 3 3 4 2 38 2 3 2 2 1 1 1 1 
1 18 2 10 1950 3 2 4 3 3 1 3 34 1 3 2 2 1 2 1 1 
2 24 2 8 2924 3 3 3 3 2 4 4 63 3 3 1 2 2 2 1 1 
2 24 1 6 1659 3 4 4 4 3 2 3 29 2 1 1 3 1 2 1 2 
1 48 1 6 7238 2 1 3 3 3 3 3 32 3 3 2 2 2 1 1 1 
1 33 1 10 2764 3 3 2 4 3 2 3 26 2 3 2 2 1 2 1 1 
1 24 1 8 4679 3 2 3 3 3 3 3 35 2 3 2 3 1 2 1 1 
4 24 2 6 3092 4 4 3 1 3 2 3 22 2 1 1 2 1 2 1 2 
2 6 2 2 448 3 4 4 4 3 4 2 23 2 3 1 2 1 1 1 2 
2 9 2 7 654 3 3 4 3 3 3 3 28 2 3 1 3 1 1 1 2 
1 6 2 9 1238 2 5 4 3 3 4 2 36 2 3 1 1 2 2 1 1 
4 18 5 6 1245 3 3 4 1 3 2 3 33 2 3 1 2 1 1 1 2 
2 18 4 5 3114 3 4 1 4 3 4 2 26 2 1 1 2 1 1 1 2 
1 39 2 8 2569 5 3 4 3 3 4 3 24 2 3 1 2 1 1 1 1 
3 24 2 6 5152 3 2 4 3 3 2 3 25 3 3 1 2 1 1 1 1 
4 12 2 10 1037 4 2 3 3 3 4 1 39 2 3 1 3 1 1 1 1 
2 15 5 5 1478 3 1 4 3 3 4 3 44 2 3 2 2 2 2 1 1 
4 12 5 6 3573 3 3 1 4 3 1 1 23 2 3 1 3 1 1 1 1 
4 24 2 7 1201 3 4 4 3 3 1 2 26 2 3 1 2 1 1 1 1 
2 30 2 5 3622 1 1 4 4 3 4 2 57 2 1 2 2 1 2 1 1 
1 15 1 5 960 1 2 3 4 3 2 2 30 2 3 2 2 1 1 1 1 
1 12 5 7 1163 5 3 4 3 3 4 1 44 2 3 1 2 1 2 1 1 
4 6 1 7 1209 3 5 4 3 3 4 2 47 2 3 1 1 1 2 1 2 
1 12 2 6 3077 3 3 2 3 3 4 3 52 2 3 1 2 1 2 1 1 
1 24 2 7 3757 3 1 4 4 1 4 4 62 2 2 1 2 1 2 1 1 
1 10 2 7 1418 4 3 3 3 3 2 1 35 2 1 1 3 1 1 2 1 
1 6 2 7 3518 3 3 2 3 2 3 2 26 2 1 1 2 1 1 1 1 
1 12 5 6 1934 3 1 2 3 3 2 4 26 2 3 2 2 1 1 1 1 
4 27 4 10 8318 3 1 2 4 3 4 4 42 2 2 2 1 1 2 1 2 
1 6 5 6 1237 4 3 1 4 3 1 2 27 2 3 2 2 1 1 1 1 
4 6 2 6 368 2 1 4 3 3 4 2 38 2 3 1 2 1 1 1 1 
2 12 5 7 2122 3 3 3 3 3 2 1 39 2 1 2 3 2 1 2 1 
2 24 2 5 2996 2 3 2 1 3 4 3 20 2 3 1 2 1 1 1 2 
4 36 2 5 9034 4 4 4 3 1 1 4 29 2 1 1 1 1 2 1 2 
1 24 5 5 1585 3 2 4 3 3 3 2 40 2 3 2 2 1 1 1 1 
4 18 2 6 1301 3 1 4 1 2 2 1 32 2 3 1 3 1 1 1 1 
3 6 5 7 1323 4 1 2 2 3 4 3 28 2 3 2 2 2 2 1 1 
2 24 2 7 3123 3 4 4 4 3 1 2 27 2 3 1 2 1 1 1 2 
2 36 2 8 5493 3 1 2 3 3 4 4 42 2 2 1 2 2 1 1 1 
3 9 2 6 1126 4 1 2 2 3 4 1 49 2 3 1 2 1 1 1 1 
4 24 5 6 1216 4 4 4 3 3 4 4 38 3 3 2 2 2 1 1 2 
2 24 2 7 1207 3 4 4 4 3 4 2 24 2 1 1 2 1 1 1 2 
1 10 2 7 1309 2 3 4 3 2 4 2 27 2 3 1 3 1 1 1 2 
3 15 5 8 2360 5 3 2 3 3 2 3 36 2 3 1 2 1 2 1 1 
4 15 3 7 6850 4 5 1 3 3 2 2 34 2 3 1 1 2 2 1 2 
1 24 2 6 1413 3 3 4 1 3 2 2 28 2 3 1 2 1 1 1 1 
1 39 2 8 8588 4 1 4 3 3 2 3 45 2 3 1 1 1 2 1 1 
2 12 2 7 759 3 2 4 3 3 2 1 26 2 3 1 2 1 1 1 2 
1 36 2 8 4686 3 3 2 3 3 2 4 32 2 2 1 1 1 2 1 1 
3 15 2 10 2687 3 2 2 3 3 4 2 26 2 1 1 2 1 2 1 1 
4 12 1 6 585 3 3 4 1 1 4 1 20 2 1 2 2 1 1 1 1 
1 24 2 7 2255 2 4 4 3 3 1 2 54 2 3 1 2 1 1 1 1 
2 6 5 7 609 3 2 4 4 3 3 2 37 2 3 2 2 1 1 2 1 
2 6 5 7 1361 3 4 2 3 3 4 1 40 2 3 1 3 2 1 2 1 
1 36 5 5 7127 3 4 2 4 3 4 2 23 2 1 2 2 1 2 1 2 
2 6 2 7 1203 4 1 3 3 3 2 2 43 2 3 1 2 1 2 1 1 
1 6 5 6 700 2 1 4 3 3 4 4 36 2 2 2 2 1 1 1 1 
1 24 5 4 5507 3 1 3 3 3 4 4 44 2 2 2 2 1 1 1 1 
2 18 2 6 3190 3 3 2 4 3 2 1 24 2 3 1 2 1 1 1 2 
2 48 4 5 7119 3 3 3 3 3 4 4 53 2 2 2 2 2 1 1 2 
1 24 2 8 3488 4 2 3 4 3 4 3 23 2 3 1 2 1 1 1 1 
4 18 2 6 1113 3 3 4 4 2 4 1 26 2 3 1 3 2 1 1 1 
4 26 2 8 7966 3 4 2 3 3 3 3 30 2 3 2 2 1 1 1 1 
1 15 5 2 1532 4 3 4 4 3 3 3 31 2 3 1 2 1 1 1 1 
1 4 5 6 1503 3 2 2 3 3 1 1 42 2 3 2 3 2 1 1 1 
2 36 2 6 2302 3 3 4 2 3 4 3 31 2 1 1 2 1 1 1 2 
2 6 2 7 662 3 4 3 3 3 4 1 41 2 3 1 3 2 2 1 1 
4 36 2 2 2273 3 2 3 3 3 1 3 32 2 3 2 2 2 1 1 1 
4 15 2 7 2631 4 3 2 4 3 4 3 28 2 1 2 2 1 2 1 2 
1 12 1 8 1503 3 3 4 1 3 4 1 41 2 1 1 2 1 1 1 1 
1 24 2 6 1311 4 2 4 1 3 3 2 26 2 3 1 2 1 2 1 1 
1 24 2 6 3105 2 4 4 3 3 2 3 25 2 3 2 2 1 1 1 1 
3 21 5 2 2319 3 4 2 2 3 1 3 33 2 1 1 2 1 1 1 2 
2 6 2 7 1374 2 5 4 4 3 3 2 75 2 3 1 1 1 2 1 1 
4 18 5 5 3612 3 1 3 4 3 4 2 37 2 3 1 2 1 2 1 1 
2 48 2 7 7763 3 1 4 3 3 4 4 42 3 2 1 1 1 1 1 2 
3 18 2 5 3049 3 4 1 4 3 1 2 45 1 3 1 3 1 1 1 1 
4 12 2 6 1534 3 4 1 1 3 1 1 23 2 1 1 2 1 1 1 2 
1 24 1 7 2032 3 1 4 3 3 4 4 60 2 2 2 2 1 2 1 1 
2 30 2 5 6350 2 1 4 3 3 4 2 31 2 3 1 2 1 1 1 2 
3 18 2 5 2864 3 3 2 3 3 1 1 34 2 3 1 3 2 1 1 2 
1 12 5 7 1255 3 1 4 3 3 4 1 61 2 3 2 3 1 1 1 1 
2 24 1 7 1333 3 5 4 3 3 2 1 43 2 2 2 2 2 1 1 2 
1 24 5 7 2022 3 3 4 4 3 4 3 37 2 3 1 2 1 2 1 1 
1 24 2 6 1552 3 2 3 3 3 1 3 32 3 3 1 2 2 1 1 1 
2 12 3 6 626 3 3 4 4 3 4 1 24 3 3 1 3 1 1 1 2 
1 48 5 8 8858 2 2 2 3 3 1 4 35 2 2 2 2 1 2 1 1 
1 12 5 4 996 2 2 4 4 3 4 1 23 2 3 2 2 1 1 1 1 
1 6 3 6 1750 5 1 2 3 3 4 2 45 3 3 1 3 2 1 1 1 
2 48 2 6 6999 3 2 1 1 2 1 1 34 2 3 2 2 1 2 1 2 
4 12 5 7 1995 4 4 4 3 3 1 3 27 2 3 1 2 1 1 1 1 
4 9 2 2 1199 3 2 4 4 3 4 2 67 2 3 2 1 1 2 1 1 
4 12 2 6 1331 3 4 2 3 3 1 3 22 1 3 1 2 1 1 1 2 
4 18 4 7 2278 4 4 3 4 3 3 3 28 2 3 2 2 1 1 1 2 
1 21 4 7 5003 2 3 1 4 3 4 2 29 3 3 2 2 1 2 1 2 
2 24 3 5 3552 3 2 3 3 3 4 3 27 3 3 1 2 1 1 1 2 
4 18 5 5 1928 3 4 2 3 3 2 1 31 2 3 2 3 1 1 1 2 
2 24 2 8 2964 2 1 4 3 3 4 4 49 3 2 1 2 2 2 1 1 
2 24 3 6 1546 3 2 4 3 2 4 3 24 3 1 1 3 1 1 1 2 
3 6 1 6 683 3 4 2 4 3 1 2 29 3 3 1 2 1 1 1 1 
4 36 2 7 12389 2 3 1 3 3 4 4 37 2 2 1 2 1 2 1 2 
4 24 1 10 4712 2 3 4 3 3 2 2 37 3 3 2 1 1 2 1 1 
4 24 1 6 1553 4 2 3 4 3 2 2 23 2 1 2 2 1 2 1 1 
2 12 2 7 1372 3 2 2 2 3 3 3 36 2 3 1 2 1 1 1 2 
1 24 5 6 2578 1 1 2 3 3 2 3 34 2 3 1 2 1 1 1 1 
4 48 2 6 3979 2 2 4 3 3 1 3 41 2 3 2 2 2 2 1 1 
2 48 2 6 6758 3 3 3 4 3 2 3 31 2 3 1 2 1 2 1 2 
2 24 2 5 3234 3 4 4 4 3 4 1 23 2 1 1 3 1 2 1 2 
1 30 5 6 5954 3 2 3 3 1 2 3 38 2 3 1 2 1 1 1 1 
1 24 2 8 5433 2 5 2 4 3 4 2 26 2 1 1 1 1 2 1 1 
2 15 2 10 806 3 3 4 4 3 4 2 22 2 3 1 3 1 1 1 1 
4 9 2 6 1082 3 1 4 3 3 4 3 27 2 3 2 3 1 1 1 1 
1 15 5 5 2788 3 2 2 4 1 3 3 24 3 3 2 2 1 1 1 1 
4 12 2 6 2930 3 2 2 4 3 1 1 27 2 3 1 2 1 1 1 1 
1 24 5 2 1927 2 3 3 4 3 2 3 33 2 3 2 2 1 2 1 1 
4 36 5 7 2820 3 4 4 2 3 4 3 27 2 3 2 2 1 1 1 2 
1 24 2 9 937 3 4 4 1 3 3 3 27 2 3 2 3 1 1 1 1 
4 18 5 7 1056 3 1 3 3 2 3 1 30 3 3 2 2 1 1 1 2 
4 12 5 7 3124 3 4 1 3 3 3 1 49 3 3 2 3 2 1 1 1 
1 9 2 5 1388 3 3 4 4 3 2 1 26 2 1 1 2 1 1 1 1 
4 36 2 4 2384 3 4 4 3 3 1 4 33 2 1 1 3 1 1 1 2 
1 12 2 7 2133 2 1 4 4 3 4 4 52 2 2 1 1 1 2 1 1 
2 18 2 5 2039 3 3 1 4 3 4 1 20 3 1 1 2 1 1 1 2 
2 9 5 7 2799 3 3 2 3 3 2 1 36 2 1 2 2 2 1 1 1 
2 12 2 5 1289 3 3 4 3 2 1 2 21 2 3 1 3 1 1 1 1 
2 18 2 3 1217 3 3 4 1 3 3 1 47 2 3 1 3 1 2 1 2 
2 12 5 5 2246 3 1 3 3 3 3 2 60 2 3 2 2 1 1 1 2 
2 12 5 6 385 3 2 4 4 3 3 1 58 2 3 4 3 1 2 1 1 
4 24 1 7 1965 2 3 4 4 3 4 3 42 2 1 2 2 1 2 1 1 
1 21 2 10 1572 1 1 4 4 3 4 1 36 3 3 1 3 1 1 1 1 
4 24 2 7 2718 3 3 3 4 3 4 2 20 2 1 1 3 1 2 1 2 
2 24 3 1 1358 2 1 4 3 3 3 3 40 1 3 1 1 1 2 1 2 
4 6 3 7 931 4 4 1 4 3 1 2 32 1 3 1 3 1 1 1 2 
2 24 2 7 1442 3 2 4 4 3 4 3 23 2 1 2 2 1 1 1 2 
4 24 4 10 4241 3 3 1 3 3 4 1 36 2 3 3 3 1 2 1 2 
1 18 5 7 2775 3 2 2 3 3 2 2 31 3 3 2 2 1 1 1 2 
1 24 1 10 3863 3 3 1 3 3 2 4 32 2 2 1 2 1 1 1 1 
4 7 2 6 2329 3 4 1 4 2 1 1 45 2 3 1 2 1 1 1 1 
4 9 2 5 918 3 3 4 4 3 1 2 30 2 3 1 2 1 1 1 2 
4 24 3 2 1837 3 2 4 4 3 4 4 34 3 2 1 3 1 1 1 2 
1 36 2 5 3349 3 3 4 4 3 2 3 28 2 3 1 1 1 2 1 2 
3 10 2 5 1275 3 4 4 4 3 2 2 23 2 3 1 2 1 1 1 1 
2 24 3 5 2828 5 3 4 3 3 4 1 22 1 3 1 2 1 2 1 1 
1 24 5 10 4526 3 3 3 3 3 2 1 74 2 3 1 1 1 2 1 1 
4 36 2 6 2671 4 3 4 4 1 4 4 50 2 2 1 2 1 1 1 2 
1 18 2 6 2051 3 4 4 3 3 1 1 33 2 3 1 2 1 1 1 1 
1 15 2 8 1300 2 1 4 3 3 4 4 45 3 2 1 2 2 1 1 1 
2 12 2 3 741 4 5 4 4 3 3 2 22 2 3 1 2 1 1 1 2 
3 10 2 7 1240 4 1 1 4 3 4 4 48 2 2 1 3 2 1 1 2 
2 21 2 6 3357 1 4 4 4 3 2 3 29 3 3 1 2 1 1 1 1 
2 24 3 8 3632 3 3 1 4 2 4 3 22 3 1 1 2 1 1 2 1 
1 18 1 5 1808 3 2 4 4 3 1 1 22 2 3 1 2 1 1 1 2 
4 48 4 10 12204 2 3 2 3 3 2 3 48 3 3 1 1 1 2 1 1 
4 60 1 6 9157 2 3 2 3 3 2 4 27 2 2 1 1 1 1 1 1 
2 6 5 7 3676 3 3 1 3 3 3 1 37 2 1 3 2 2 1 1 1 
4 30 2 5 3441 4 3 2 4 1 4 3 21 2 1 1 2 1 1 1 2 
1 12 2 7 640 3 3 4 2 3 2 1 49 2 3 1 3 1 1 1 1 
4 21 5 10 3652 3 2 2 3 3 3 2 27 2 3 2 2 1 1 1 1 
1 18 5 7 1530 3 3 3 3 3 2 2 32 3 3 2 2 1 1 1 2 
1 48 2 10 3914 2 3 4 2 3 2 1 38 3 3 1 2 1 1 1 2 
2 12 2 5 1858 3 4 4 4 3 1 3 22 2 1 1 2 1 1 1 1 
2 18 2 6 2600 3 3 4 3 3 4 4 65 2 2 2 2 1 1 1 2 
1 15 2 6 1979 2 1 4 3 3 2 3 35 2 3 1 2 1 1 1 1 
3 6 2 5 2116 3 3 2 3 3 2 1 41 2 3 1 2 1 2 1 1 
4 9 3 7 1437 4 2 2 3 3 3 4 29 2 3 1 2 1 1 1 2 
1 42 5 5 4042 5 3 4 3 3 4 1 36 2 3 2 2 1 2 1 1 
1 9 2 2 3832 2 1 1 3 3 4 1 64 2 3 1 3 1 1 1 1 
2 24 2 6 3660 3 3 2 4 3 4 3 28 2 3 1 2 1 1 1 1 
2 18 3 5 1553 3 3 4 3 3 3 3 44 3 3 1 2 1 1 1 2 
4 15 2 6 1444 2 4 4 3 3 1 2 23 2 3 1 2 1 1 1 1 
1 9 2 5 1980 3 4 2 4 1 2 3 19 2 1 2 2 1 1 1 2 
4 24 2 7 1355 3 4 3 4 3 4 3 25 2 3 1 3 1 2 1 2 
1 12 2 2 1393 3 1 4 3 3 4 2 47 3 3 3 2 2 2 1 1 
1 24 2 6 1376 5 2 4 4 3 1 3 28 2 3 1 2 1 1 1 1 
1 60 1 6 15653 3 2 2 3 3 4 3 21 2 3 2 2 1 2 1 1 
1 12 2 6 1493 3 4 4 4 3 3 3 34 2 3 1 2 2 1 1 1 
2 42 1 6 4370 3 2 3 3 3 2 2 26 3 3 2 2 2 2 1 2 
2 18 2 2 750 3 5 4 4 3 1 1 27 2 3 1 4 1 1 1 2 
4 15 2 4 1308 3 1 4 3 3 4 3 38 2 3 2 3 1 1 1 1 
1 15 2 2 4623 4 3 3 3 3 2 2 40 2 3 1 1 1 2 1 2 
1 24 5 6 1851 3 2 4 1 2 2 3 33 2 3 2 2 1 2 1 1 
2 18 5 6 1880 3 2 4 1 3 1 2 32 2 3 2 1 1 2 1 1 
1 36 1 10 7980 2 4 4 3 3 4 3 27 2 1 2 2 1 2 1 2 
2 30 4 5 4583 3 3 2 2 2 2 1 32 2 3 2 2 1 1 1 1 
1 12 2 7 1386 5 3 2 4 3 2 2 26 2 3 1 2 1 1 1 2 
3 24 2 7 947 3 2 4 3 3 3 4 38 3 2 1 2 2 1 1 2 
2 12 2 2 684 3 3 4 3 3 4 3 40 2 1 1 3 2 1 1 2 
2 48 2 2 7476 3 2 4 3 3 1 4 50 2 2 1 1 1 2 1 1 
4 12 2 5 1922 3 3 4 3 3 2 2 37 2 3 1 3 1 1 1 2 
2 24 2 7 2303 3 1 4 3 1 1 1 45 2 3 1 2 1 1 1 2 
4 36 1 7 8086 4 1 2 3 3 4 3 42 2 3 4 1 1 2 1 2 
1 24 5 8 2346 3 2 4 3 3 3 3 35 2 3 2 2 1 2 1 1 
2 14 2 7 3973 3 5 1 3 3 4 4 22 2 2 1 2 1 1 1 1 
4 12 2 7 888 3 1 4 3 3 4 3 41 3 3 1 3 2 1 1 2 
1 48 2 6 10222 2 2 4 3 3 3 3 37 1 3 1 2 1 2 1 1 
4 30 4 10 4221 3 3 2 4 3 1 3 28 2 3 2 2 1 1 1 1 
4 18 5 5 6361 3 1 2 3 3 1 4 41 2 3 1 2 1 2 1 1 
3 12 2 6 1297 3 3 3 1 3 4 1 23 2 1 1 2 1 1 1 1 
2 12 2 7 900 2 3 4 1 3 2 3 23 2 3 1 2 1 1 1 2 
1 21 2 5 2241 3 1 4 3 3 2 1 50 2 3 2 2 1 1 1 1 
4 6 1 5 1050 3 5 4 3 3 1 2 35 1 3 2 1 1 2 1 1 
3 6 5 2 1047 3 3 2 4 3 4 2 50 2 3 1 3 1 1 1 1 
1 24 5 1 6314 3 5 4 3 1 2 4 27 3 3 2 1 1 2 1 1 
4 30 3 5 3496 1 3 4 3 3 2 3 34 1 3 1 2 2 2 1 1 
1 48 3 10 3609 3 3 1 4 3 1 1 27 1 3 1 2 1 1 1 1 
2 12 5 7 4843 3 1 3 3 1 4 2 43 2 1 2 2 1 2 1 2 
3 30 5 6 3017 3 1 4 3 3 4 2 47 2 3 1 2 1 1 1 1 
1 24 5 10 4139 4 3 3 3 3 3 2 27 2 3 2 3 1 2 1 1 
1 36 2 10 5742 4 2 2 3 3 2 3 31 2 3 2 2 1 2 1 1 
1 60 2 7 10366 3 1 2 3 3 4 2 42 2 3 1 1 1 2 1 1 
1 6 5 7 2080 5 3 1 1 3 2 3 24 2 3 1 2 1 1 1 1 
1 21 1 10 2580 5 4 4 3 3 2 1 41 3 3 1 3 2 1 1 2 
1 30 5 6 4530 3 2 4 4 3 4 3 26 2 1 1 1 1 2 1 1 
1 24 5 5 5150 3 1 4 3 3 4 3 33 2 3 1 2 1 2 1 1 
4 72 2 6 5595 4 3 2 1 3 2 3 24 2 3 1 2 1 1 1 2 
2 24 2 6 2384 3 1 4 3 3 4 1 64 3 1 1 3 1 1 1 1 
1 18 2 6 1453 3 4 3 4 3 1 1 26 2 3 1 2 1 1 1 1 
1 6 2 2 1538 3 4 1 4 3 2 4 56 2 3 1 2 1 1 1 1 
1 12 2 6 2279 2 3 4 3 3 4 4 37 2 2 1 2 1 2 1 1 
1 15 1 6 1478 3 3 4 1 3 3 1 33 3 3 2 2 1 1 1 1 
1 24 5 6 5103 3 4 3 1 3 3 4 47 2 2 3 2 1 2 1 1 
4 36 1 10 9857 4 2 1 3 3 3 2 31 2 3 2 3 2 2 1 1 
1 60 2 7 6527 2 3 4 3 3 4 4 34 2 2 1 2 2 2 1 1 
3 10 5 6 1347 2 2 4 3 3 2 2 27 2 3 2 2 1 2 1 1 
4 36 1 7 2862 4 1 4 3 3 3 4 30 2 2 1 2 1 1 1 1 
1 9 2 6 2753 4 1 3 3 1 4 3 35 2 3 1 2 1 2 1 1 
2 12 2 7 3651 1 3 1 3 3 3 2 31 2 3 1 2 2 1 1 1 
2 15 5 5 975 3 3 2 2 3 3 2 25 2 3 2 2 1 1 1 1 
4 15 2 4 2631 4 3 3 4 3 2 1 25 2 3 1 3 1 1 1 1 
4 24 2 6 2896 4 4 2 3 3 1 3 29 2 3 1 2 1 1 1 1 
2 6 5 7 4716 2 4 1 3 3 3 1 44 2 3 2 3 2 1 1 1 
1 24 2 6 2284 3 2 4 3 3 2 3 28 2 3 1 2 1 2 1 1 
1 6 2 8 1236 5 3 2 3 3 4 2 50 2 1 1 2 1 1 1 1 
4 12 2 6 1103 3 2 4 3 2 3 1 29 2 3 2 2 1 1 2 1 
1 12 5 7 926 3 5 1 4 3 2 2 38 2 3 1 4 1 1 1 1 
1 18 5 6 1800 3 3 4 3 3 2 3 24 2 3 2 2 1 1 1 1 
3 15 2 2 1905 3 1 4 3 3 4 3 40 2 1 1 1 1 2 1 1 
1 12 2 5 1123 5 3 4 4 3 4 3 29 2 1 1 3 1 1 1 2 
2 48 5 8 6331 3 1 4 3 3 4 4 46 2 2 2 2 1 2 1 2 
3 24 2 6 1377 4 1 4 4 3 2 4 47 2 2 1 2 1 2 1 1 
4 30 1 10 2503 4 1 4 3 3 2 2 41 1 3 2 2 1 1 1 1 
4 27 2 10 2528 3 4 4 4 3 1 2 32 2 3 1 2 2 2 1 1 
1 15 2 7 5324 5 1 1 4 3 4 4 35 2 2 1 2 1 1 1 1 
4 48 2 7 6560 4 2 3 3 3 2 2 24 2 3 1 2 1 1 1 2 
4 12 4 5 2969 3 4 4 4 3 3 2 25 2 1 2 2 1 1 1 2 
4 9 2 6 1206 3 1 4 4 3 4 1 25 2 3 1 2 1 1 1 1 
4 9 2 6 2118 3 3 2 3 3 2 1 37 2 3 1 3 2 1 1 1 
1 18 5 6 629 5 1 4 3 3 3 2 32 3 3 2 1 1 2 1 1 
2 6 3 2 1198 3 1 4 4 3 4 4 35 2 2 1 2 1 1 1 2 
1 21 2 8 2476 2 1 4 3 3 4 1 46 2 3 1 1 1 2 1 1 
2 9 5 6 1138 3 3 4 3 3 4 1 25 2 3 2 3 1 1 1 1 
4 60 2 7 14027 3 2 4 3 3 2 4 27 2 3 1 1 1 2 1 2 
1 30 5 8 7596 2 1 1 3 3 4 3 63 2 3 2 2 1 1 1 1 
1 30 5 6 3077 2 1 3 3 3 2 3 40 2 3 2 2 2 2 1 1 
1 18 2 6 1505 3 3 4 3 3 2 4 32 2 2 1 1 1 2 1 1 
3 24 5 6 3148 2 3 3 3 3 2 3 31 2 3 2 2 1 2 1 1 
4 20 4 8 6148 4 1 3 1 3 4 3 31 3 3 2 2 1 2 1 1 
3 9 4 6 1337 3 4 4 3 3 2 3 34 2 3 2 1 1 2 1 2 
4 6 3 2 433 1 4 4 4 3 2 2 24 3 1 1 2 2 1 1 2 
2 12 2 7 1228 3 3 4 4 3 2 1 24 2 3 1 3 1 1 1 2 
4 9 2 6 790 5 3 4 4 3 3 1 66 2 3 1 3 1 1 1 1 
1 27 2 7 2570 3 3 3 4 3 3 1 21 2 1 1 2 1 1 1 2 
1 6 5 7 250 1 3 2 4 3 2 1 41 3 3 2 3 1 1 1 1 
1 15 5 6 1316 5 3 2 1 3 2 2 47 2 3 2 3 1 1 1 1 
2 18 2 6 1882 3 3 4 4 3 4 3 25 3 1 2 2 1 1 1 2 
4 48 3 10 6416 3 1 4 4 3 3 4 59 2 1 1 2 1 1 1 2 
3 24 5 10 1275 1 3 2 2 3 4 1 36 2 3 2 2 1 2 1 1 
4 24 1 6 6403 3 4 1 3 3 2 3 33 2 3 1 2 1 1 1 1 
2 24 2 6 1987 3 3 2 3 3 4 1 21 2 1 1 3 2 1 1 2 
4 8 2 6 760 3 2 4 4 2 2 1 44 2 3 1 3 1 1 1 1 
1 24 2 8 2603 1 3 2 4 3 4 3 28 2 1 1 2 1 2 1 1 
1 4 5 7 3380 3 2 1 4 3 1 1 37 2 3 1 2 2 1 1 1 
4 36 3 3 3990 2 4 3 4 3 2 4 29 3 3 1 4 1 1 1 1 
4 24 2 8 11560 3 3 1 4 3 4 3 23 2 1 2 1 1 1 1 2 
2 18 2 7 4380 4 3 3 3 3 4 3 35 2 3 1 3 2 2 1 1 
1 6 5 7 6761 3 2 1 3 3 3 4 45 2 3 2 1 2 2 1 1 
4 30 4 10 4280 4 3 4 4 3 4 3 26 2 1 2 3 1 1 1 2 
2 24 3 7 2325 4 2 2 3 3 3 3 32 3 3 1 2 1 1 1 1 
4 10 3 6 1048 3 3 4 3 3 4 1 23 1 3 1 3 1 1 1 1 
1 21 2 6 3160 2 1 4 3 3 3 2 41 2 3 1 2 1 2 1 1 
2 24 3 5 2483 5 3 4 3 3 4 1 22 1 3 1 2 1 2 1 1 
2 39 5 5 14179 2 2 4 3 3 4 2 30 2 3 2 1 1 2 1 1 
2 13 5 10 1797 3 4 3 3 3 1 2 28 3 3 2 3 1 1 1 1 
2 15 2 7 2511 3 5 1 4 3 4 3 23 2 1 1 2 1 1 1 1 
2 12 2 7 1274 3 4 3 4 3 1 1 37 2 3 1 3 1 1 1 2 
1 21 2 8 5248 2 3 1 3 3 3 3 26 2 3 1 2 1 1 1 1 
1 15 2 8 3029 3 2 2 3 3 2 3 33 2 3 1 2 1 1 1 1 
2 6 2 5 428 3 1 2 4 3 1 2 49 3 3 1 2 1 2 1 1 
2 18 2 7 976 3 4 1 4 3 2 3 23 2 3 1 3 1 1 1 2 
4 12 2 10 841 4 2 2 4 3 4 1 23 2 1 1 3 1 1 1 1 
1 30 5 6 5771 3 2 4 4 3 2 3 25 2 3 2 2 1 1 1 1 
1 12 1 4 1555 1 1 4 3 3 4 4 55 2 2 2 2 2 1 1 2 
2 24 2 7 1285 2 2 4 4 3 4 4 32 2 1 1 2 1 1 1 2 
3 6 5 7 1299 3 3 1 3 3 1 1 74 2 3 3 4 2 1 2 1 
3 15 5 6 1271 2 3 3 3 3 4 4 39 2 2 2 2 1 2 1 2 
1 24 2 7 1393 3 3 2 3 2 2 1 31 2 3 1 2 1 2 1 1 
2 12 5 7 691 3 1 4 3 3 3 2 35 2 3 2 2 1 1 1 2 
1 15 5 7 5045 2 1 1 4 3 4 3 59 2 3 1 2 1 2 1 1 
2 18 5 5 2124 3 3 4 4 3 4 1 24 2 1 2 2 1 1 1 2 
2 12 2 6 2214 3 3 4 3 3 3 2 24 2 3 1 3 1 1 1 1 
1 21 5 7 12680 2 1 4 3 3 4 4 30 2 2 1 1 1 2 1 2 
1 24 5 7 2463 4 2 4 1 3 3 2 27 2 3 2 2 1 2 1 1 
4 12 2 6 1155 3 1 3 1 2 3 1 40 3 3 2 3 1 1 1 1 
2 30 2 5 3108 3 4 2 2 3 4 2 31 2 3 1 3 1 1 1 2 
1 10 2 8 2901 2 4 1 4 3 4 1 31 2 1 1 2 1 1 1 1 
4 12 5 5 3617 3 1 1 3 3 4 3 28 2 1 3 2 1 2 1 1 
1 12 5 6 1655 3 1 2 3 3 4 1 63 2 3 2 3 1 2 1 1 
2 24 2 8 2812 2 1 2 4 3 4 1 26 2 1 1 2 1 1 1 1 
2 36 5 2 8065 3 3 3 4 3 2 4 25 2 3 2 1 1 2 1 2 
1 21 5 8 3275 3 1 1 3 3 4 3 36 2 3 1 1 1 2 1 1 
1 24 5 6 2223 4 1 4 3 3 4 2 52 3 3 2 2 1 1 1 1 
3 12 5 7 1480 5 5 2 3 3 4 4 66 3 2 3 4 1 1 1 1 
2 24 2 7 1371 2 3 4 4 3 4 1 25 2 1 1 2 1 1 1 2 
1 36 5 7 3535 3 2 4 3 3 4 3 37 2 3 2 2 1 2 1 1 
2 18 2 6 3509 3 2 4 4 2 1 1 25 2 3 1 2 1 1 1 1 
1 36 5 8 5711 1 1 4 3 3 2 3 38 2 3 2 1 1 2 1 1 
4 18 2 4 3872 3 5 2 4 3 4 3 67 2 3 1 2 1 2 1 1 
4 39 5 6 4933 3 2 2 3 2 2 1 25 2 3 2 2 1 1 1 2 
1 24 5 7 1940 1 1 4 3 3 4 1 60 2 3 1 2 1 2 1 1 
4 12 4 9 1410 3 3 2 3 3 2 1 31 2 3 1 3 1 2 1 1 
4 12 2 7 836 4 4 4 4 3 2 2 23 3 3 1 3 1 1 1 2 
4 20 2 8 6468 2 5 1 2 3 4 1 60 2 3 1 1 1 2 1 1 
4 18 2 10 1941 1 3 4 3 3 2 2 35 2 3 1 3 1 2 1 1 
1 22 2 6 2675 5 1 3 3 3 4 3 40 2 3 1 2 1 1 1 1 
1 48 5 8 2751 2 1 4 3 3 3 3 38 2 3 2 2 2 2 1 1 
4 48 1 2 6224 3 1 4 3 3 4 4 50 2 2 1 2 1 1 1 2 
2 40 5 2 5998 3 3 4 3 3 3 4 27 3 3 1 2 1 2 1 2 
4 21 2 10 1188 3 1 2 4 3 4 2 39 2 3 1 2 2 1 1 2 
1 24 2 8 6313 2 1 3 3 3 4 3 41 2 3 1 1 2 2 1 1 
1 6 5 5 1221 2 3 1 1 3 2 2 27 2 3 2 2 1 1 1 1 
3 24 2 5 2892 3 1 3 2 3 4 4 51 2 2 1 2 1 1 1 1 
1 24 2 5 3062 5 1 4 3 3 3 4 32 2 1 1 2 1 2 1 1 
1 9 2 5 2301 4 4 2 4 3 4 2 22 2 1 1 2 1 1 1 1 
2 18 2 8 7511 2 1 1 3 3 4 2 51 2 2 1 2 2 2 1 2 
1 12 5 5 1258 3 4 2 4 3 4 2 22 2 1 2 3 1 1 1 1 
1 24 1 7 717 2 1 4 1 3 4 3 54 2 3 2 2 1 2 1 1 
4 9 2 7 1549 2 4 4 3 3 2 1 35 2 3 1 4 1 1 1 1 
1 24 5 2 1597 3 1 4 3 3 4 4 54 2 2 2 2 2 1 1 1 
4 18 5 6 1795 3 1 3 4 2 4 1 48 3 1 2 3 1 2 1 1 
2 20 5 5 4272 3 1 1 4 3 4 2 24 2 3 2 2 1 1 1 1 
1 12 5 6 976 2 1 4 3 3 4 3 35 2 3 2 2 1 1 1 1 
4 12 2 7 7472 2 5 1 4 3 2 1 24 2 1 1 4 1 1 1 1 
2 36 2 7 9271 3 2 2 3 3 1 3 24 2 3 1 2 1 2 1 2 
4 6 2 6 590 3 4 3 1 3 3 1 26 2 3 1 3 1 1 2 1 
1 12 5 6 930 2 1 4 3 3 4 1 65 2 3 4 2 1 1 1 1 
4 42 3 8 9283 3 5 1 3 3 2 4 55 3 2 1 1 1 2 1 1 
4 15 4 7 1778 3 4 2 4 3 1 1 26 2 1 2 4 1 1 1 2 
4 8 2 10 907 3 4 3 1 3 2 1 26 2 3 1 2 1 2 1 1 
4 6 2 6 484 3 2 3 1 2 3 1 28 3 3 1 3 1 1 1 1 
2 36 5 8 9629 3 2 4 3 3 4 3 24 2 3 2 2 1 2 1 2 
2 48 2 3 3051 3 3 3 3 3 4 3 54 2 3 1 2 1 1 1 2 
2 48 2 7 3931 3 2 4 3 3 4 4 46 2 2 1 2 2 1 1 2 
4 36 1 7 7432 3 3 2 4 3 2 2 54 2 1 1 2 1 1 1 1 
1 6 2 3 1338 5 3 1 2 3 4 1 62 2 3 1 2 1 1 1 1 
1 6 5 6 1554 3 2 1 4 3 2 3 24 2 1 2 2 1 2 1 1 
2 36 2 1 15857 3 5 2 2 1 3 3 43 2 3 1 1 1 1 1 1 
2 18 2 6 1345 3 3 4 1 3 3 1 26 3 3 1 2 1 1 1 2 
1 12 2 7 1101 3 3 3 1 3 2 1 27 2 3 2 2 1 2 1 1 
3 12 2 6 3016 3 3 3 1 3 1 3 24 2 3 1 2 1 1 1 1 
2 36 2 5 2712 3 1 2 3 3 2 2 41 3 3 1 2 2 1 1 2 
2 8 5 7 731 3 1 4 3 3 4 1 47 2 3 2 3 1 1 1 1 
1 18 5 5 3780 3 4 3 2 3 2 3 35 2 3 2 1 1 2 1 1 
2 21 5 7 1602 3 1 4 1 3 3 3 30 2 3 2 2 1 2 1 1 
2 18 5 7 3966 3 1 1 4 3 4 1 33 3 1 3 2 1 2 1 2 
1 18 4 10 4165 3 3 2 3 3 2 3 36 1 3 2 2 2 1 1 2 
2 36 2 8 8335 2 1 3 3 3 4 4 47 2 2 1 2 1 1 1 2 
4 48 1 10 6681 2 3 4 3 3 4 4 38 2 2 1 2 2 2 1 1 
1 24 1 10 2375 5 3 4 3 3 2 3 44 2 3 2 2 2 2 1 1 
2 18 2 7 1216 3 4 4 4 3 3 3 23 2 1 1 2 1 2 1 2 
2 45 4 10 11816 3 1 2 3 3 4 3 29 2 1 2 2 1 1 1 2 
4 24 2 6 5084 2 1 2 4 3 4 3 42 2 3 1 2 1 2 1 1 
3 15 2 6 2327 3 4 2 4 3 3 1 25 2 3 1 3 1 1 1 2 
2 12 4 7 1082 3 3 4 3 3 4 3 48 3 3 2 2 1 1 1 2 
1 12 2 6 886 2 3 4 4 3 2 3 21 2 3 1 2 1 1 1 1 
1 4 2 5 601 3 4 1 4 3 3 1 23 2 1 1 3 2 1 1 1 
2 24 5 8 2957 3 1 4 3 3 4 2 63 2 3 2 2 1 2 1 1 
1 24 5 6 2611 3 1 4 1 1 3 1 46 2 3 2 2 1 1 1 1 
2 36 2 5 5179 3 2 4 3 3 2 2 29 2 3 1 2 1 1 1 2 
1 21 1 8 2993 3 3 3 3 3 2 1 28 1 3 2 3 1 1 1 1 
1 18 2 4 1943 3 4 4 4 3 4 1 23 2 3 1 2 1 1 1 2 
1 24 3 10 1559 3 2 4 3 3 4 3 50 3 3 1 2 1 2 1 1 
1 18 2 5 3422 3 1 4 3 3 4 2 47 3 3 3 2 2 2 1 1 
4 21 2 5 3976 2 2 2 3 3 3 3 35 2 3 1 2 1 2 1 1 
1 18 2 7 6761 2 3 2 3 3 4 3 68 2 1 2 2 1 1 1 2 
1 24 2 7 1249 3 4 4 1 3 2 1 28 2 3 1 2 1 1 1 1 
2 9 2 6 1364 3 2 3 3 3 4 1 59 2 3 1 2 1 1 1 1 
2 12 2 6 709 3 1 4 3 3 4 1 57 1 3 1 3 1 1 1 2 
2 20 5 7 2235 3 3 4 1 2 2 2 33 3 1 2 2 1 1 2 2 
1 24 5 8 4042 2 2 3 3 3 4 2 43 2 3 2 2 1 2 1 1 
1 15 5 6 1471 3 3 4 3 3 4 4 35 2 2 2 2 1 2 1 1 
2 18 3 7 1442 3 2 4 3 3 4 4 32 2 2 2 3 2 1 1 2 
1 36 1 7 10875 3 1 2 3 3 2 3 45 2 3 2 2 2 2 1 1 
1 24 2 7 1474 4 4 4 1 3 3 1 33 2 3 1 2 1 2 1 1 
1 10 2 9 894 2 2 4 4 3 3 2 40 2 3 1 2 1 2 1 1 
1 15 5 5 3343 3 3 4 3 3 2 4 28 2 2 1 2 1 2 1 1 
2 15 2 7 3959 3 3 3 4 3 2 2 29 2 3 1 2 1 2 1 2 
1 9 2 7 3577 4 3 1 3 2 2 1 26 2 1 1 2 2 1 2 1 
1 24 5 8 5804 1 3 4 3 3 2 1 27 2 3 2 2 1 1 1 1 
1 18 1 10 2169 3 3 4 1 3 2 3 28 2 3 1 2 1 2 1 2 
2 24 2 6 2439 3 4 4 4 3 4 1 35 2 3 1 2 1 2 1 2 
1 27 5 5 4526 1 4 4 3 3 2 1 32 1 3 2 3 2 2 1 1 
1 10 2 5 2210 3 3 2 3 3 2 1 25 3 1 1 3 1 1 1 2 
1 15 2 5 2221 5 3 2 4 3 4 3 20 2 1 1 2 1 1 1 1 
2 18 2 6 2389 3 4 4 4 3 1 3 27 1 3 1 2 1 1 1 1 
1 12 5 5 3331 3 1 2 3 3 4 2 42 1 3 1 2 1 1 1 1 
1 36 2 10 7409 2 1 3 3 3 2 2 37 2 3 2 2 1 1 1 1 
2 12 2 5 652 3 1 4 4 3 4 2 24 2 1 1 2 1 1 1 1 
1 36 1 5 7678 5 2 2 4 3 4 3 40 2 3 2 2 1 2 1 1 
3 6 5 7 1343 3 1 1 3 3 4 1 46 2 3 2 2 2 1 2 1 
2 24 5 10 1382 4 2 4 3 3 1 1 26 2 3 2 2 1 2 1 1 
1 15 2 3 874 2 4 4 4 3 1 1 24 2 3 1 2 1 1 1 1 
2 12 2 5 3590 3 3 2 3 1 2 2 29 2 3 1 3 2 1 1 1 
4 11 5 7 1322 1 3 4 4 3 4 3 40 2 3 2 2 1 1 1 1 
2 18 3 6 1940 3 4 3 3 1 4 4 36 3 2 1 1 1 2 1 1 
1 36 2 6 3595 3 1 4 3 3 2 3 28 2 3 1 2 1 1 1 1 
2 9 2 7 1422 3 4 3 3 3 2 4 27 2 2 1 1 1 2 1 2 
1 30 5 6 6742 2 2 2 3 3 3 2 36 2 3 2 2 1 1 1 1 
1 24 2 8 7814 3 2 3 3 3 3 3 38 2 3 1 1 1 2 1 1 
1 24 2 8 9277 2 3 2 2 3 4 4 48 2 2 1 2 1 2 1 1 
4 30 5 7 2181 2 1 4 3 3 4 1 36 2 3 2 2 1 1 1 1 
1 18 5 6 1098 3 5 4 4 3 4 3 65 2 3 2 4 1 1 1 1 
4 24 2 5 4057 3 2 3 2 3 3 3 43 2 3 1 2 1 2 1 2 
2 12 2 2 795 3 4 4 4 3 4 2 53 2 3 1 2 1 1 1 2 
4 24 5 10 2825 2 2 4 3 3 3 4 34 2 3 2 2 2 2 1 1 
4 48 2 10 15672 3 3 2 3 3 2 3 23 2 3 1 2 1 2 1 2 
1 36 5 7 6614 3 1 4 3 3 4 3 34 2 3 2 1 1 2 1 1 
1 28 3 8 7824 2 4 3 3 2 4 1 40 3 1 2 2 2 2 1 1 
2 27 5 10 2442 3 1 4 3 3 4 3 43 1 3 4 1 2 2 1 1 
1 15 5 6 1829 3 1 4 3 3 4 3 46 2 3 2 2 1 2 1 1 
2 12 5 7 2171 3 3 4 3 3 4 2 38 3 3 2 3 1 1 2 1 
4 36 5 8 5800 3 3 3 3 3 4 3 34 2 3 2 2 1 2 1 1 
1 18 5 6 1169 2 3 4 3 3 3 2 29 2 3 2 2 1 2 1 1 
1 36 1 8 8947 2 2 3 3 3 2 3 31 1 3 1 1 2 2 1 1 
2 21 2 6 2606 3 4 4 4 3 4 2 28 2 1 1 1 1 2 1 1 
1 12 5 5 1592 1 2 3 4 3 2 2 35 2 3 1 2 1 1 2 1 
1 15 2 5 2186 2 2 1 4 3 4 1 33 3 1 1 3 1 1 1 1 
2 18 2 5 4153 3 3 2 3 1 3 3 42 2 3 1 2 1 1 1 2 
2 16 5 7 2625 3 1 2 3 2 4 2 43 3 1 1 2 1 2 1 2 
1 20 5 7 3485 2 4 2 2 3 4 1 44 2 3 2 2 1 2 1 1 
1 36 5 8 10477 2 1 2 3 3 4 4 42 2 2 2 2 1 1 1 1 
1 15 2 6 1386 2 3 4 1 3 2 1 40 2 1 1 2 1 2 1 1 
1 24 2 6 1278 3 1 4 3 3 1 1 36 2 3 1 1 1 2 1 1 
2 12 2 6 1107 3 3 2 3 3 2 1 20 2 1 1 1 2 2 1 1 
2 21 2 7 3763 2 2 2 3 1 2 1 24 2 3 1 3 1 1 2 1 
4 36 2 2 3711 2 3 2 1 3 2 3 27 2 3 1 2 1 1 1 1 
1 15 1 8 3594 3 4 1 4 3 2 2 46 2 3 2 3 1 1 1 1 
4 9 2 7 3195 2 3 1 4 3 2 1 33 2 3 1 3 1 1 1 1 
1 36 1 6 4454 3 3 4 4 3 4 1 34 2 3 2 2 1 1 1 1 
4 24 5 5 4736 3 4 2 4 3 4 3 25 3 3 1 3 1 1 1 2 
4 30 2 6 2991 2 1 2 4 3 4 3 25 2 3 1 2 1 1 1 1 
1 11 2 10 2142 1 1 1 2 3 2 1 28 2 3 1 2 1 2 1 1 
2 24 3 10 3161 3 3 4 3 3 2 2 31 2 1 1 2 1 2 1 2 
4 48 4 1 18424 3 3 1 4 3 2 2 32 3 3 1 1 1 2 2 2 
1 10 2 8 2848 4 3 1 3 1 2 1 32 2 3 1 2 2 1 1 1 
2 6 2 7 14896 3 1 1 3 3 4 4 68 3 3 1 1 1 2 1 2 
2 24 2 5 2359 4 5 1 2 3 1 2 33 2 3 1 2 1 1 1 2 
2 24 2 5 3345 3 1 4 3 3 2 2 39 2 1 1 1 1 2 1 2 
1 18 5 5 1817 3 3 4 4 3 2 4 28 2 3 2 2 1 1 1 1 
1 48 1 6 12749 5 2 4 3 3 1 3 37 2 3 1 1 1 2 1 1 
2 9 2 6 1366 3 4 3 4 3 4 2 22 2 1 1 2 1 1 1 2 
4 12 2 7 2002 3 2 3 3 3 4 2 30 2 1 1 2 2 2 1 1 
2 24 3 5 6872 3 4 2 2 3 1 2 55 3 3 1 2 1 2 1 2 
2 12 3 7 697 3 4 4 3 3 2 3 46 3 3 2 2 1 2 1 2 
2 18 5 5 1049 3 4 4 4 3 4 2 21 2 1 1 2 1 1 1 1 
2 48 2 8 10297 3 2 4 3 3 4 4 39 1 2 3 2 2 2 1 2 
1 30 2 6 1867 2 1 4 3 3 4 3 58 2 3 1 2 1 2 1 1 
2 12 1 7 1344 3 3 4 3 3 2 1 43 2 3 2 3 2 1 1 1 
2 24 2 5 1747 3 4 4 3 1 1 2 24 2 3 1 3 1 1 2 1 
4 9 2 6 1670 3 4 4 4 3 2 3 22 2 3 1 2 1 2 1 2 
1 9 5 7 1224 3 3 3 3 3 1 1 30 2 3 2 2 1 1 1 1 
1 12 5 6 522 5 1 4 3 3 4 2 42 2 3 2 2 2 2 1 1 
2 12 2 6 1498 3 3 4 4 3 1 3 23 3 3 1 2 1 1 1 1 
4 30 1 6 1919 4 4 4 3 3 3 4 30 1 3 2 1 1 1 1 2 
3 9 2 6 745 3 3 3 4 3 2 1 28 2 3 1 3 1 1 1 2 
4 6 2 6 2063 3 4 4 1 3 3 3 30 2 1 1 1 1 2 1 1 
4 60 2 2 6288 3 3 4 3 3 4 4 42 2 2 1 2 1 1 1 2 
1 24 5 8 6842 2 3 2 3 3 4 2 46 2 3 2 1 2 2 1 1 
1 12 2 7 3527 2 4 2 3 3 3 2 45 2 3 1 1 2 2 1 1 
1 10 2 7 1546 3 3 3 3 3 2 1 31 2 3 1 3 2 1 2 1 
1 24 2 5 929 2 2 4 3 3 2 3 31 1 3 1 2 1 2 1 1 
1 4 5 7 1455 3 2 2 3 3 1 1 42 2 3 3 3 2 1 1 1 
2 15 2 5 1845 3 4 4 4 2 1 2 46 2 1 1 2 1 1 1 1 
4 48 4 7 8358 5 4 1 4 3 1 3 30 2 3 2 2 1 1 1 1 
2 24 3 5 3349 5 4 4 3 3 4 4 30 2 2 1 2 2 2 1 2 
1 12 2 7 2859 2 5 4 3 3 4 4 38 2 3 1 1 1 2 1 1 
1 18 2 5 1533 3 4 4 1 1 1 2 43 2 3 1 3 2 1 1 2 
1 24 2 6 3621 4 1 2 3 3 4 3 31 2 3 2 2 1 1 1 2 
4 18 5 10 3590 3 5 3 1 3 3 3 40 2 3 3 4 2 2 1 1 
2 36 1 10 2145 3 2 2 3 3 1 3 24 2 3 2 2 1 2 1 2 
4 24 2 8 4113 5 4 3 4 3 4 3 28 2 1 1 2 1 1 1 2 
1 36 2 5 10974 3 5 4 4 3 2 3 26 2 3 2 1 1 2 1 2 
2 12 2 7 1893 3 3 4 4 2 4 2 29 2 3 1 2 1 2 1 1 
2 24 5 6 1231 1 1 4 4 3 4 2 57 2 1 2 1 1 2 1 1 
3 30 5 6 3656 2 1 4 3 3 4 2 49 1 3 2 3 1 1 1 1 
4 9 5 6 1154 3 1 2 3 3 4 1 37 2 3 3 3 1 1 1 1 
2 28 2 7 4006 3 3 3 3 3 2 3 45 2 3 1 3 1 1 1 2 
4 24 2 5 3069 4 1 4 3 3 4 4 30 2 2 1 2 1 1 1 1 
1 6 5 6 1740 3 1 2 1 3 2 1 30 2 1 2 2 1 1 1 1 
4 21 1 7 2353 3 3 1 2 3 4 2 47 2 3 2 2 1 1 1 1 
1 15 2 7 3556 2 3 3 3 3 2 4 29 2 3 1 2 1 1 1 1 
1 24 2 6 2397 5 1 3 3 3 2 3 35 3 3 2 2 1 2 1 2 
4 6 2 4 454 3 4 3 1 3 1 2 22 2 3 1 3 1 1 1 1 
4 30 2 6 1715 2 3 4 4 3 1 3 26 2 3 1 2 1 1 1 1 
4 27 5 6 2520 5 3 4 3 3 2 2 23 2 3 2 3 1 1 1 2 
1 15 2 6 3568 3 1 4 4 3 2 3 54 3 1 1 1 1 2 1 1 
1 42 2 6 7166 2 2 2 1 3 4 2 29 2 1 1 2 1 2 1 1 
2 11 5 7 3939 3 3 1 3 3 2 1 40 2 3 2 3 2 1 1 1 
4 15 2 4 1514 4 3 4 3 2 2 1 22 2 3 1 2 1 1 1 1 
1 24 2 7 7393 3 3 1 3 3 4 2 43 2 3 1 3 2 1 1 1 
2 24 3 7 1193 3 5 1 4 1 4 4 29 2 1 2 4 1 1 1 2 
2 60 2 10 7297 3 1 4 3 1 4 4 36 2 1 1 2 1 1 1 2 
1 30 5 6 2831 3 3 4 4 3 2 3 33 2 3 1 2 1 2 1 1 
3 24 2 6 1258 5 3 3 4 3 3 3 57 2 3 1 3 1 1 1 1 
4 6 2 6 753 3 3 2 4 2 3 1 64 2 3 1 2 1 1 1 1 
4 18 1 10 2427 2 1 4 3 3 2 2 42 2 3 2 2 1 1 1 1 
1 24 1 7 2538 3 1 4 3 3 4 3 47 2 3 2 3 2 1 1 2 
4 15 3 7 1264 4 3 2 1 3 2 2 25 2 1 1 2 1 1 1 2 
4 30 5 5 8386 3 2 2 3 3 2 2 49 2 3 1 2 1 1 1 2 
1 48 2 10 4844 3 5 3 3 3 2 3 33 3 1 1 1 1 2 1 2 
3 21 2 7 2923 4 3 1 4 3 1 3 28 3 3 1 1 1 2 1 1 
2 36 2 8 8229 3 3 2 3 3 2 2 26 2 3 1 2 2 1 1 2 
1 24 5 5 2028 3 2 2 3 3 2 2 30 2 3 2 3 1 1 1 1 
2 15 5 5 1433 3 3 4 4 3 3 2 25 2 1 2 2 1 1 1 1 
3 42 4 10 6289 3 4 2 2 3 1 2 33 2 3 2 2 1 1 1 1 
1 13 2 6 1409 4 5 2 4 3 4 1 64 2 3 1 2 1 1 1 1 
2 24 2 8 6579 3 5 4 3 3 2 4 29 2 2 1 1 1 2 1 1 
4 24 5 6 1743 3 1 4 3 3 2 2 48 2 3 2 3 1 1 1 1 
1 12 5 2 3565 2 4 2 3 3 1 2 37 2 3 2 3 2 1 1 1 
1 15 3 6 1569 4 1 4 3 3 4 3 34 3 3 1 3 2 1 1 1 
2 18 2 6 1936 2 2 2 1 3 4 3 23 2 1 2 3 1 1 1 1 
2 36 2 5 3959 3 5 4 3 3 3 2 30 2 3 1 1 1 2 1 1 
1 12 2 7 2390 2 1 4 3 3 3 3 50 2 3 1 2 1 2 1 1 
1 12 2 5 1736 3 2 3 4 3 4 1 31 2 3 1 3 1 1 1 1 
2 30 2 8 3857 3 3 4 2 3 4 2 40 2 3 1 1 1 2 1 1 
1 12 2 6 804 3 1 4 3 3 4 3 38 2 3 1 2 1 1 1 1 
2 45 2 6 1845 3 3 4 3 3 4 4 23 2 2 1 2 1 2 1 2 
4 45 5 8 4576 4 5 3 3 3 4 3 27 2 3 1 2 1 1 1 1 
